10, 10
10, 11
10, 9
11, 10
9, 10
11, 11
11, 9
9, 11
9, 9
10, 12
11, 12
9, 12
10, 8
11, 8
9, 8
12, 10
12, 11
12, 9
8, 10
8, 11
8, 9
12, 12
12, 8
8, 12
8, 8
10, 13
11, 13
9, 13
12, 13
8, 13
10, 7
11, 7
9, 7
12, 7
8, 7
13, 10
13, 11
13, 9
13, 12
13, 8
7, 10
7, 11
7, 9
7, 12
7, 8
13, 13
13, 7
7, 13
7, 7
10, 14
11, 14
9, 14
12, 14
8, 14
13, 14
7, 14
10, 6
11, 6
9, 6
12, 6
8, 6
13, 6
7, 6
14, 10
14, 11
14, 9
14, 12
14, 8
14, 13
14, 7
6, 10
6, 11
6, 9
6, 12
6, 8
6, 13
6, 7
14, 14
14, 6
6, 14
6, 6
10, 15
11, 15
9, 15
12, 15
8, 15
13, 15
7, 15
14, 15
6, 15
10, 5
11, 5
9, 5
12, 5
8, 5
13, 5
7, 5
14, 5
6, 5
15, 10
15, 11
15, 9
15, 12
15, 8
15, 13
15, 7
15, 14
15, 6
5, 10
5, 11
5, 9
5, 12
5, 8
5, 13
5, 7
5, 14
5, 6
15, 15
15, 5
5, 15
5, 5
10, 16
11, 16
9, 16
12, 16
8, 16
13, 16
7, 16
14, 16
6, 16
15, 16
5, 16
10, 4
11, 4
9, 4
12, 4
8, 4
13, 4
7, 4
14, 4
6, 4
15, 4
5, 4
16, 10
16, 11
16, 9
16, 12
16, 8
16, 13
16, 7
16, 14
16, 6
16, 15
16, 5
4, 10
4, 11
4, 9
4, 12
4, 8
4, 13
4, 7
4, 14
4, 6
4, 15
4, 5
16, 16
16, 4
4, 16
4, 4
10, 17
11, 17
9, 17
12, 17
8, 17
13, 17
7, 17
14, 17
6, 17
15, 17
5, 17
16, 17
4, 17
10, 3
11, 3
9, 3
12, 3
8, 3
13, 3
7, 3
14, 3
6, 3
15, 3
5, 3
16, 3
4, 3
17, 10
17, 11
17, 9
17, 12
17, 8
17, 13
17, 7
17, 14
17, 6
17, 15
17, 5
17, 16
17, 4
3, 10
3, 11
3, 9
3, 12
3, 8
3, 13
3, 7
3, 14
3, 6
3, 15
3, 5
3, 16
3, 4
17, 17
17, 3
3, 17
3, 3
10, 18
11, 18
9, 18
12, 18
8, 18
13, 18
7, 18
14, 18
6, 18
15, 18
5, 18
16, 18
4, 18
17, 18
3, 18
10, 2
11, 2
9, 2
12, 2
8, 2
13, 2
7, 2
14, 2
6, 2
15, 2
5, 2
16, 2
4, 2
17, 2
3, 2
18, 10
18, 11
18, 9
18, 12
18, 8
18, 13
18, 7
18, 14
18, 6
18, 15
18, 5
18, 16
18, 4
18, 17
18, 3
2, 10
2, 11
2, 9
2, 12
2, 8
2, 13
2, 7
2, 14
2, 6
2, 15
2, 5
2, 16
2, 4
2, 17
2, 3
18, 18
18, 2
2, 18
2, 2
10, 19
11, 19
9, 19
12, 19
8, 19
13, 19
7, 19
14, 19
6, 19
15, 19
5, 19
16, 19
4, 19
17, 19
3, 19
18, 19
2, 19
10, 1
11, 1
9, 1
12, 1
8, 1
13, 1
7, 1
14, 1
6, 1
15, 1
5, 1
16, 1
4, 1
17, 1
3, 1
18, 1
2, 1
19, 10
19, 11
19, 9
19, 12
19, 8
19, 13
19, 7
19, 14
19, 6
19, 15
19, 5
19, 16
19, 4
19, 17
19, 3
19, 18
19, 2
1, 10
1, 11
1, 9
1, 12
1, 8
1, 13
1, 7
1, 14
1, 6
1, 15
1, 5
1, 16
1, 4
1, 17
1, 3
1, 18
1, 2
19, 19
19, 1
1, 19
1, 1
10, 20
11, 20
9, 20
12, 20
8, 20
13, 20
7, 20
14, 20
6, 20
15, 20
5, 20
16, 20
4, 20
17, 20
3, 20
18, 20
2, 20
19, 20
1, 20
10, 0
11, 0
9, 0
12, 0
8, 0
13, 0
7, 0
14, 0
6, 0
15, 0
5, 0
16, 0
4, 0
17, 0
3, 0
18, 0
2, 0
19, 0
1, 0
20, 10
20, 11
20, 9
20, 12
20, 8
20, 13
20, 7
20, 14
20, 6
20, 15
20, 5
20, 16
20, 4
20, 17
20, 3
20, 18
20, 2
20, 19
20, 1
0, 10
0, 11
0, 9
0, 12
0, 8
0, 13
0, 7
0, 14
0, 6
0, 15
0, 5
0, 16
0, 4
0, 17
0, 3
0, 18
0, 2
0, 19
0, 1
20, 20
20, 0
0, 20
0, 0
10, 21
11, 21
9, 21
12, 21
8, 21
13, 21
7, 21
14, 21
6, 21
15, 21
5, 21
16, 21
4, 21
17, 21
3, 21
18, 21
2, 21
19, 21
1, 21
20, 21
0, 21
21, 10
21, 11
21, 9
21, 12
21, 8
21, 13
21, 7
21, 14
21, 6
21, 15
21, 5
21, 16
21, 4
21, 17
21, 3
21, 18
21, 2
21, 19
21, 1
21, 20
21, 0
21, 21
10, 22
11, 22
9, 22
12, 22
8, 22
13, 22
7, 22
14, 22
6, 22
15, 22
5, 22
16, 22
4, 22
17, 22
3, 22
18, 22
2, 22
19, 22
1, 22
20, 22
0, 22
21, 22
22, 10
22, 11
22, 9
22, 12
22, 8
22, 13
22, 7
22, 14
22, 6
22, 15
22, 5
22, 16
22, 4
22, 17
22, 3
22, 18
22, 2
22, 19
22, 1
22, 20
22, 0
22, 21
22, 22
10, 23
11, 23
9, 23
12, 23
8, 23
13, 23
7, 23
14, 23
6, 23
15, 23
5, 23
16, 23
4, 23
17, 23
3, 23
18, 23
2, 23
19, 23
1, 23
20, 23
0, 23
21, 23
22, 23
23, 10
23, 11
23, 9
23, 12
23, 8
23, 13
23, 7
23, 14
23, 6
23, 15
23, 5
23, 16
23, 4
23, 17
23, 3
23, 18
23, 2
23, 19
23, 1
23, 20
23, 0
23, 21
23, 22
23, 23
10, 24
11, 24
9, 24
12, 24
8, 24
13, 24
7, 24
14, 24
6, 24
15, 24
5, 24
16, 24
4, 24
17, 24
3, 24
18, 24
2, 24
19, 24
1, 24
20, 24
0, 24
21, 24
22, 24
23, 24
24, 10
24, 11
24, 9
24, 12
24, 8
24, 13
24, 7
24, 14
24, 6
24, 15
24, 5
24, 16
24, 4
24, 17
24, 3
24, 18
24, 2
24, 19
24, 1
24, 20
24, 0
24, 21
24, 22
24, 23
24, 24
10, 25
11, 25
9, 25
12, 25
8, 25
13, 25
7, 25
14, 25
6, 25
15, 25
5, 25
16, 25
4, 25
17, 25
3, 25
18, 25
2, 25
19, 25
1, 25
20, 25
0, 25
21, 25
22, 25
23, 25
24, 25
25, 10
25, 11
25, 9
25, 12
25, 8
25, 13
25, 7
25, 14
25, 6
25, 15
25, 5
25, 16
25, 4
25, 17
25, 3
25, 18
25, 2
25, 19
25, 1
25, 20
25, 0
25, 21
25, 22
25, 23
25, 24
25, 25
10, 26
11, 26
9, 26
12, 26
8, 26
13, 26
7, 26
14, 26
6, 26
15, 26
5, 26
16, 26
4, 26
17, 26
3, 26
18, 26
2, 26
19, 26
1, 26
20, 26
0, 26
21, 26
22, 26
23, 26
24, 26
25, 26
26, 10
26, 11
26, 9
26, 12
26, 8
26, 13
26, 7
26, 14
26, 6
26, 15
26, 5
26, 16
26, 4
26, 17
26, 3
26, 18
26, 2
26, 19
26, 1
26, 20
26, 0
26, 21
26, 22
26, 23
26, 24
26, 25
26, 26
10, 27
11, 27
9, 27
12, 27
8, 27
13, 27
7, 27
14, 27
6, 27
15, 27
5, 27
16, 27
4, 27
17, 27
3, 27
18, 27
2, 27
19, 27
1, 27
20, 27
0, 27
21, 27
22, 27
23, 27
24, 27
25, 27
26, 27
27, 10
27, 11
27, 9
27, 12
27, 8
27, 13
27, 7
27, 14
27, 6
27, 15
27, 5
27, 16
27, 4
27, 17
27, 3
27, 18
27, 2
27, 19
27, 1
27, 20
27, 0
27, 21
27, 22
27, 23
27, 24
27, 25
27, 26
27, 27
10, 28
11, 28
9, 28
12, 28
8, 28
13, 28
7, 28
14, 28
6, 28
15, 28
5, 28
16, 28
4, 28
17, 28
3, 28
18, 28
2, 28
19, 28
1, 28
20, 28
0, 28
21, 28
22, 28
23, 28
24, 28
25, 28
26, 28
27, 28
28, 10
28, 11
28, 9
28, 12
28, 8
28, 13
28, 7
28, 14
28, 6
28, 15
28, 5
28, 16
28, 4
28, 17
28, 3
28, 18
28, 2
28, 19
28, 1
28, 20
28, 0
28, 21
28, 22
28, 23
28, 24
28, 25
28, 26
28, 27
28, 28
10, 29
11, 29
9, 29
12, 29
8, 29
13, 29
7, 29
14, 29
6, 29
15, 29
5, 29
16, 29
4, 29
17, 29
3, 29
18, 29
2, 29
19, 29
1, 29
20, 29
0, 29
21, 29
22, 29
23, 29
24, 29
25, 29
26, 29
27, 29
28, 29
29, 10
29, 11
29, 9
29, 12
29, 8
29, 13
29, 7
29, 14
29, 6
29, 15
29, 5
29, 16
29, 4
29, 17
29, 3
29, 18
29, 2
29, 19
29, 1
29, 20
29, 0
29, 21
29, 22
29, 23
29, 24
29, 25
29, 26
29, 27
29, 28
29, 29
10, 30
11, 30
9, 30
12, 30
8, 30
13, 30
7, 30
14, 30
6, 30
15, 30
5, 30
16, 30
4, 30
17, 30
3, 30
18, 30
2, 30
19, 30
1, 30
20, 30
0, 30
21, 30
22, 30
23, 30
24, 30
25, 30
26, 30
27, 30
28, 30
29, 30
30, 10
30, 11
30, 9
30, 12
30, 8
30, 13
30, 7
30, 14
30, 6
30, 15
30, 5
30, 16
30, 4
30, 17
30, 3
30, 18
30, 2
30, 19
30, 1
30, 20
30, 0
30, 21
30, 22
30, 23
30, 24
30, 25
30, 26
30, 27
30, 28
30, 29
30, 30
10, 31
11, 31
9, 31
12, 31
8, 31
13, 31
7, 31
14, 31
6, 31
15, 31
5, 31
16, 31
4, 31
17, 31
3, 31
18, 31
2, 31
19, 31
1, 31
20, 31
0, 31
21, 31
22, 31
23, 31
24, 31
25, 31
26, 31
27, 31
28, 31
29, 31
30, 31
31, 10
31, 11
31, 9
31, 12
31, 8
31, 13
31, 7
31, 14
31, 6
31, 15
31, 5
31, 16
31, 4
31, 17
31, 3
31, 18
31, 2
31, 19
31, 1
31, 20
31, 0
31, 21
31, 22
31, 23
31, 24
31, 25
31, 26
31, 27
31, 28
31, 29
31, 30
31, 31
10, 32
11, 32
9, 32
12, 32
8, 32
13, 32
7, 32
14, 32
6, 32
15, 32
5, 32
16, 32
4, 32
17, 32
3, 32
18, 32
2, 32
19, 32
1, 32
20, 32
0, 32
21, 32
22, 32
23, 32
24, 32
25, 32
26, 32
27, 32
28, 32
29, 32
30, 32
31, 32
32, 10
32, 11
32, 9
32, 12
32, 8
32, 13
32, 7
32, 14
32, 6
32, 15
32, 5
32, 16
32, 4
32, 17
32, 3
32, 18
32, 2
32, 19
32, 1
32, 20
32, 0
32, 21
32, 22
32, 23
32, 24
32, 25
32, 26
32, 27
32, 28
32, 29
32, 30
32, 31
32, 32
10, 33
11, 33
9, 33
12, 33
8, 33
13, 33
7, 33
14, 33
6, 33
15, 33
5, 33
16, 33
4, 33
17, 33
3, 33
18, 33
2, 33
19, 33
1, 33
20, 33
0, 33
21, 33
22, 33
23, 33
24, 33
25, 33
26, 33
27, 33
28, 33
29, 33
30, 33
31, 33
32, 33
33, 10
33, 11
33, 9
33, 12
33, 8
33, 13
33, 7
33, 14
33, 6
33, 15
33, 5
33, 16
33, 4
33, 17
33, 3
33, 18
33, 2
33, 19
33, 1
33, 20
33, 0
33, 21
33, 22
33, 23
33, 24
33, 25
33, 26
33, 27
33, 28
33, 29
33, 30
33, 31
33, 32
33, 33
10, 34
11, 34
9, 34
12, 34
8, 34
13, 34
7, 34
14, 34
6, 34
15, 34
5, 34
16, 34
4, 34
17, 34
3, 34
18, 34
2, 34
19, 34
1, 34
20, 34
0, 34
21, 34
22, 34
23, 34
24, 34
25, 34
26, 34
27, 34
28, 34
29, 34
30, 34
31, 34
32, 34
33, 34
34, 10
34, 11
34, 9
34, 12
34, 8
34, 13
34, 7
34, 14
34, 6
34, 15
34, 5
34, 16
34, 4
34, 17
34, 3
34, 18
34, 2
34, 19
34, 1
34, 20
34, 0
34, 21
34, 22
34, 23
34, 24
34, 25
34, 26
34, 27
34, 28
34, 29
34, 30
34, 31
34, 32
34, 33
34, 34
10, 35
11, 35
9, 35
12, 35
8, 35
13, 35
7, 35
14, 35
6, 35
15, 35
5, 35
16, 35
4, 35
17, 35
3, 35
18, 35
2, 35
19, 35
1, 35
20, 35
0, 35
21, 35
22, 35
23, 35
24, 35
25, 35
26, 35
27, 35
28, 35
29, 35
30, 35
31, 35
32, 35
33, 35
34, 35
35, 10
35, 11
35, 9
35, 12
35, 8
35, 13
35, 7
35, 14
35, 6
35, 15
35, 5
35, 16
35, 4
35, 17
35, 3
35, 18
35, 2
35, 19
35, 1
35, 20
35, 0
35, 21
35, 22
35, 23
35, 24
35, 25
35, 26
35, 27
35, 28
35, 29
35, 30
35, 31
35, 32
35, 33
35, 34
35, 35
10, 36
11, 36
9, 36
12, 36
8, 36
13, 36
7, 36
14, 36
6, 36
15, 36
5, 36
16, 36
4, 36
17, 36
3, 36
18, 36
2, 36
19, 36
1, 36
20, 36
0, 36
21, 36
22, 36
23, 36
24, 36
25, 36
26, 36
27, 36
28, 36
29, 36
30, 36
31, 36
32, 36
33, 36
34, 36
35, 36
36, 10
36, 11
36, 9
36, 12
36, 8
36, 13
36, 7
36, 14
36, 6
36, 15
36, 5
36, 16
36, 4
36, 17
36, 3
36, 18
36, 2
36, 19
36, 1
36, 20
36, 0
36, 21
36, 22
36, 23
36, 24
36, 25
36, 26
36, 27
36, 28
36, 29
36, 30
36, 31
36, 32
36, 33
36, 34
36, 35
36, 36
10, 37
11, 37
9, 37
12, 37
8, 37
13, 37
7, 37
14, 37
6, 37
15, 37
5, 37
16, 37
4, 37
17, 37
3, 37
18, 37
2, 37
19, 37
1, 37
20, 37
0, 37
21, 37
22, 37
23, 37
24, 37
25, 37
26, 37
27, 37
28, 37
29, 37
30, 37
31, 37
32, 37
33, 37
34, 37
35, 37
36, 37
37, 10
37, 11
37, 9
37, 12
37, 8
37, 13
37, 7
37, 14
37, 6
37, 15
37, 5
37, 16
37, 4
37, 17
37, 3
37, 18
37, 2
37, 19
37, 1
37, 20
37, 0
37, 21
37, 22
37, 23
37, 24
37, 25
37, 26
37, 27
37, 28
37, 29
37, 30
37, 31
37, 32
37, 33
37, 34
37, 35
37, 36
37, 37
10, 38
11, 38
9, 38
12, 38
8, 38
13, 38
7, 38
14, 38
6, 38
15, 38
5, 38
16, 38
4, 38
17, 38
3, 38
18, 38
2, 38
19, 38
1, 38
20, 38
0, 38
21, 38
22, 38
23, 38
24, 38
25, 38
26, 38
27, 38
28, 38
29, 38
30, 38
31, 38
32, 38
33, 38
34, 38
35, 38
36, 38
37, 38
38, 10
38, 11
38, 9
38, 12
38, 8
38, 13
38, 7
38, 14
38, 6
38, 15
38, 5
38, 16
38, 4
38, 17
38, 3
38, 18
38, 2
38, 19
38, 1
38, 20
38, 0
38, 21
38, 22
38, 23
38, 24
38, 25
38, 26
38, 27
38, 28
38, 29
38, 30
38, 31
38, 32
38, 33
38, 34
38, 35
38, 36
38, 37
38, 38
10, 39
11, 39
9, 39
12, 39
8, 39
13, 39
7, 39
14, 39
6, 39
15, 39
5, 39
16, 39
4, 39
17, 39
3, 39
18, 39
2, 39
19, 39
1, 39
20, 39
0, 39
21, 39
22, 39
23, 39
24, 39
25, 39
26, 39
27, 39
28, 39
29, 39
30, 39
31, 39
32, 39
33, 39
34, 39
35, 39
36, 39
37, 39
38, 39
39, 10
39, 11
39, 9
39, 12
39, 8
39, 13
39, 7
39, 14
39, 6
39, 15
39, 5
39, 16
39, 4
39, 17
39, 3
39, 18
39, 2
39, 19
39, 1
39, 20
39, 0
39, 21
39, 22
39, 23
39, 24
39, 25
39, 26
39, 27
39, 28
39, 29
39, 30
39, 31
39, 32
39, 33
39, 34
39, 35
39, 36
39, 37
39, 38
39, 39
10, 40
11, 40
9, 40
12, 40
8, 40
13, 40
7, 40
14, 40
6, 40
15, 40
5, 40
16, 40
4, 40
17, 40
3, 40
18, 40
2, 40
19, 40
1, 40
20, 40
0, 40
21, 40
22, 40
23, 40
24, 40
25, 40
26, 40
27, 40
28, 40
29, 40
30, 40
31, 40
32, 40
33, 40
34, 40
35, 40
36, 40
37, 40
38, 40
39, 40
40, 10
40, 11
40, 9
40, 12
40, 8
40, 13
40, 7
40, 14
40, 6
40, 15
40, 5
40, 16
40, 4
40, 17
40, 3
40, 18
40, 2
40, 19
40, 1
40, 20
40, 0
40, 21
40, 22
40, 23
40, 24
40, 25
40, 26
40, 27
40, 28
40, 29
40, 30
40, 31
40, 32
40, 33
40, 34
40, 35
40, 36
40, 37
40, 38
40, 39
40, 40
10, 41
11, 41
9, 41
12, 41
8, 41
13, 41
7, 41
14, 41
6, 41
15, 41
5, 41
16, 41
4, 41
17, 41
3, 41
18, 41
2, 41
19, 41
1, 41
20, 41
0, 41
21, 41
22, 41
23, 41
24, 41
25, 41
26, 41
27, 41
28, 41
29, 41
30, 41
31, 41
32, 41
33, 41
34, 41
35, 41
36, 41
37, 41
38, 41
39, 41
40, 41
41, 10
41, 11
41, 9
41, 12
41, 8
41, 13
41, 7
41, 14
41, 6
41, 15
41, 5
41, 16
41, 4
41, 17
41, 3
41, 18
41, 2
41, 19
41, 1
41, 20
41, 0
41, 21
41, 22
41, 23
41, 24
41, 25
41, 26
41, 27
41, 28
41, 29
41, 30
41, 31
41, 32
41, 33
41, 34
41, 35
41, 36
41, 37
41, 38
41, 39
41, 40
41, 41
10, 42
11, 42
9, 42
12, 42
8, 42
13, 42
7, 42
14, 42
6, 42
15, 42
5, 42
16, 42
4, 42
17, 42
3, 42
18, 42
2, 42
19, 42
1, 42
20, 42
0, 42
21, 42
22, 42
23, 42
24, 42
25, 42
26, 42
27, 42
28, 42
29, 42
30, 42
31, 42
32, 42
33, 42
34, 42
35, 42
36, 42
37, 42
38, 42
39, 42
40, 42
41, 42
42, 10
42, 11
42, 9
42, 12
42, 8
42, 13
42, 7
42, 14
42, 6
42, 15
42, 5
42, 16
42, 4
42, 17
42, 3
42, 18
42, 2
42, 19
42, 1
42, 20
42, 0
42, 21
42, 22
42, 23
42, 24
42, 25
42, 26
42, 27
42, 28
42, 29
42, 30
42, 31
42, 32
42, 33
42, 34
42, 35
42, 36
42, 37
42, 38
42, 39
42, 40
42, 41
42, 42
10, 43
11, 43
9, 43
12, 43
8, 43
13, 43
7, 43
14, 43
6, 43
15, 43
5, 43
16, 43
4, 43
17, 43
3, 43
18, 43
2, 43
19, 43
1, 43
20, 43
0, 43
21, 43
22, 43
23, 43
24, 43
25, 43
26, 43
27, 43
28, 43
29, 43
30, 43
31, 43
32, 43
33, 43
34, 43
35, 43
36, 43
37, 43
38, 43
39, 43
40, 43
41, 43
42, 43
43, 10
43, 11
43, 9
43, 12
43, 8
43, 13
43, 7
43, 14
43, 6
43, 15
43, 5
43, 16
43, 4
43, 17
43, 3
43, 18
43, 2
43, 19
43, 1
43, 20
43, 0
43, 21
43, 22
43, 23
43, 24
43, 25
43, 26
43, 27
43, 28
43, 29
43, 30
43, 31
43, 32
43, 33
43, 34
43, 35
43, 36
43, 37
43, 38
43, 39
43, 40
43, 41
43, 42
43, 43
10, 44
11, 44
9, 44
12, 44
8, 44
13, 44
7, 44
14, 44
6, 44
15, 44
5, 44
16, 44
4, 44
17, 44
3, 44
18, 44
2, 44
19, 44
1, 44
20, 44
0, 44
21, 44
22, 44
23, 44
24, 44
25, 44
26, 44
27, 44
28, 44
29, 44
30, 44
31, 44
32, 44
33, 44
34, 44
35, 44
36, 44
37, 44
38, 44
39, 44
40, 44
41, 44
42, 44
43, 44
44, 10
44, 11
44, 9
44, 12
44, 8
44, 13
44, 7
44, 14
44, 6
44, 15
44, 5
44, 16
44, 4
44, 17
44, 3
44, 18
44, 2
44, 19
44, 1
44, 20
44, 0
44, 21
44, 22
44, 23
44, 24
44, 25
44, 26
44, 27
44, 28
44, 29
44, 30
44, 31
44, 32
44, 33
44, 34
44, 35
44, 36
44, 37
44, 38
44, 39
44, 40
44, 41
44, 42
44, 43
44, 44
10, 45
11, 45
9, 45
12, 45
8, 45
13, 45
7, 45
14, 45
6, 45
15, 45
5, 45
16, 45
4, 45
17, 45
3, 45
18, 45
2, 45
19, 45
1, 45
20, 45
0, 45
21, 45
22, 45
23, 45
24, 45
25, 45
26, 45
27, 45
28, 45
29, 45
30, 45
31, 45
32, 45
33, 45
34, 45
35, 45
36, 45
37, 45
38, 45
39, 45
40, 45
41, 45
42, 45
43, 45
44, 45
45, 10
45, 11
45, 9
45, 12
45, 8
45, 13
45, 7
45, 14
45, 6
45, 15
45, 5
45, 16
45, 4
45, 17
45, 3
45, 18
45, 2
45, 19
45, 1
45, 20
45, 0
45, 21
45, 22
45, 23
45, 24
45, 25
45, 26
45, 27
45, 28
45, 29
45, 30
45, 31
45, 32
45, 33
45, 34
45, 35
45, 36
45, 37
45, 38
45, 39
45, 40
45, 41
45, 42
45, 43
45, 44
45, 45
10, 46
11, 46
9, 46
12, 46
8, 46
13, 46
7, 46
14, 46
6, 46
15, 46
5, 46
16, 46
4, 46
17, 46
3, 46
18, 46
2, 46
19, 46
1, 46
20, 46
0, 46
21, 46
22, 46
23, 46
24, 46
25, 46
26, 46
27, 46
28, 46
29, 46
30, 46
31, 46
32, 46
33, 46
34, 46
35, 46
36, 46
37, 46
38, 46
39, 46
40, 46
41, 46
42, 46
43, 46
44, 46
45, 46
46, 10
46, 11
46, 9
46, 12
46, 8
46, 13
46, 7
46, 14
46, 6
46, 15
46, 5
46, 16
46, 4
46, 17
46, 3
46, 18
46, 2
46, 19
46, 1
46, 20
46, 0
46, 21
46, 22
46, 23
46, 24
46, 25
46, 26
46, 27
46, 28
46, 29
46, 30
46, 31
46, 32
46, 33
46, 34
46, 35
46, 36
46, 37
46, 38
46, 39
46, 40
46, 41
46, 42
46, 43
46, 44
46, 45
46, 46
10, 47
11, 47
9, 47
12, 47
8, 47
13, 47
7, 47
14, 47
6, 47
15, 47
5, 47
16, 47
4, 47
17, 47
3, 47
18, 47
2, 47
19, 47
1, 47
20, 47
0, 47
21, 47
22, 47
23, 47
24, 47
25, 47
26, 47
27, 47
28, 47
29, 47
30, 47
31, 47
32, 47
33, 47
34, 47
35, 47
36, 47
37, 47
38, 47
39, 47
40, 47
41, 47
42, 47
43, 47
44, 47
45, 47
46, 47
47, 10
47, 11
47, 9
47, 12
47, 8
47, 13
47, 7
47, 14
47, 6
47, 15
47, 5
47, 16
47, 4
47, 17
47, 3
47, 18
47, 2
47, 19
47, 1
47, 20
47, 0
47, 21
47, 22
47, 23
47, 24
47, 25
47, 26
47, 27
47, 28
47, 29
47, 30
47, 31
47, 32
47, 33
47, 34
47, 35
47, 36
47, 37
47, 38
47, 39
47, 40
47, 41
47, 42
47, 43
47, 44
47, 45
47, 46
47, 47
10, 48
11, 48
9, 48
12, 48
8, 48
13, 48
7, 48
14, 48
6, 48
15, 48
5, 48
16, 48
4, 48
17, 48
3, 48
18, 48
2, 48
19, 48
1, 48
20, 48
0, 48
21, 48
22, 48
23, 48
24, 48
25, 48
26, 48
27, 48
28, 48
29, 48
30, 48
31, 48
32, 48
33, 48
34, 48
35, 48
36, 48
37, 48
38, 48
39, 48
40, 48
41, 48
42, 48
43, 48
44, 48
45, 48
46, 48
47, 48
48, 10
48, 11
48, 9
48, 12
48, 8
48, 13
48, 7
48, 14
48, 6
48, 15
48, 5
48, 16
48, 4
48, 17
48, 3
48, 18
48, 2
48, 19
48, 1
48, 20
48, 0
48, 21
48, 22
48, 23
48, 24
48, 25
48, 26
48, 27
48, 28
48, 29
48, 30
48, 31
48, 32
48, 33
48, 34
48, 35
48, 36
48, 37
48, 38
48, 39
48, 40
48, 41
48, 42
48, 43
48, 44
48, 45
48, 46
48, 47
48, 48
10, 49
11, 49
9, 49
12, 49
8, 49
13, 49
7, 49
14, 49
6, 49
15, 49
5, 49
16, 49
4, 49
17, 49
3, 49
18, 49
2, 49
19, 49
1, 49
20, 49
0, 49
21, 49
22, 49
23, 49
24, 49
25, 49
26, 49
27, 49
28, 49
29, 49
30, 49
31, 49
32, 49
33, 49
34, 49
35, 49
36, 49
37, 49
38, 49
39, 49
40, 49
41, 49
42, 49
43, 49
44, 49
45, 49
46, 49
47, 49
48, 49
49, 10
49, 11
49, 9
49, 12
49, 8
49, 13
49, 7
49, 14
49, 6
49, 15
49, 5
49, 16
49, 4
49, 17
49, 3
49, 18
49, 2
49, 19
49, 1
49, 20
49, 0
49, 21
49, 22
49, 23
49, 24
49, 25
49, 26
49, 27
49, 28
49, 29
49, 30
49, 31
49, 32
49, 33
49, 34
49, 35
49, 36
49, 37
49, 38
49, 39
49, 40
49, 41
49, 42
49, 43
49, 44
49, 45
49, 46
49, 47
49, 48
49, 49
10, 50
11, 50
9, 50
12, 50
8, 50
13, 50
7, 50
14, 50
6, 50
15, 50
5, 50
16, 50
4, 50
17, 50
3, 50
18, 50
2, 50
19, 50
1, 50
20, 50
0, 50
21, 50
22, 50
23, 50
24, 50
25, 50
26, 50
27, 50
28, 50
29, 50
30, 50
31, 50
32, 50
33, 50
34, 50
35, 50
36, 50
37, 50
38, 50
39, 50
40, 50
41, 50
42, 50
43, 50
44, 50
45, 50
46, 50
47, 50
48, 50
49, 50
50, 10
50, 11
50, 9
50, 12
50, 8
50, 13
50, 7
50, 14
50, 6
50, 15
50, 5
50, 16
50, 4
50, 17
50, 3
50, 18
50, 2
50, 19
50, 1
50, 20
50, 0
50, 21
50, 22
50, 23
50, 24
50, 25
50, 26
50, 27
50, 28
50, 29
50, 30
50, 31
50, 32
50, 33
50, 34
50, 35
50, 36
50, 37
50, 38
50, 39
50, 40
50, 41
50, 42
50, 43
50, 44
50, 45
50, 46
50, 47
50, 48
50, 49
50, 50
10, 51
11, 51
9, 51
12, 51
8, 51
13, 51
7, 51
14, 51
6, 51
15, 51
5, 51
16, 51
4, 51
17, 51
3, 51
18, 51
2, 51
19, 51
1, 51
20, 51
0, 51
21, 51
22, 51
23, 51
24, 51
25, 51
26, 51
27, 51
28, 51
29, 51
30, 51
31, 51
32, 51
33, 51
34, 51
35, 51
36, 51
37, 51
38, 51
39, 51
40, 51
41, 51
42, 51
43, 51
44, 51
45, 51
46, 51
47, 51
48, 51
49, 51
51, 10
51, 11
51, 9
51, 12
51, 8
51, 13
51, 7
51, 14
51, 6
51, 15
51, 5
51, 16
51, 4
51, 17
51, 3
51, 18
51, 2
51, 19
51, 1
51, 20
51, 0
51, 21
51, 22
51, 23
51, 24
51, 25
51, 26
51, 27
51, 28
51, 29
51, 30
51, 31
51, 32
51, 33
51, 34
51, 35
51, 36
51, 37
51, 38
51, 39
51, 40
51, 41
51, 42
51, 43
51, 44
51, 45
51, 46
51, 47
51, 48
51, 49
51, 50
10, 52
11, 52
9, 52
12, 52
8, 52
13, 52
7, 52
14, 52
6, 52
15, 52
5, 52
16, 52
4, 52
17, 52
3, 52
18, 52
2, 52
19, 52
1, 52
20, 52
0, 52
21, 52
22, 52
23, 52
24, 52
25, 52
26, 52
27, 52
28, 52
29, 52
30, 52
31, 52
32, 52
33, 52
34, 52
35, 52
36, 52
37, 52
38, 52
39, 52
40, 52
41, 52
42, 52
43, 52
44, 52
45, 52
46, 52
47, 52
48, 52
52, 10
52, 11
52, 9
52, 12
52, 8
52, 13
52, 7
52, 14
52, 6
52, 15
52, 5
52, 16
52, 4
52, 17
52, 3
52, 18
52, 2
52, 19
52, 1
52, 20
52, 0
52, 21
52, 22
52, 23
52, 24
52, 25
52, 26
52, 27
52, 28
52, 29
52, 30
52, 31
52, 32
52, 33
52, 34
52, 35
52, 36
52, 37
52, 38
52, 39
52, 40
52, 41
52, 42
52, 43
52, 44
52, 45
52, 46
52, 47
52, 48
52, 49
10, 53
11, 53
9, 53
12, 53
8, 53
13, 53
7, 53
14, 53
6, 53
15, 53
5, 53
16, 53
4, 53
17, 53
3, 53
18, 53
2, 53
19, 53
1, 53
20, 53
0, 53
21, 53
22, 53
23, 53
24, 53
25, 53
26, 53
27, 53
28, 53
29, 53
30, 53
31, 53
32, 53
33, 53
34, 53
35, 53
36, 53
37, 53
38, 53
39, 53
40, 53
41, 53
42, 53
43, 53
44, 53
45, 53
46, 53
53, 10
53, 11
53, 9
53, 12
53, 8
53, 13
53, 7
53, 14
53, 6
53, 15
53, 5
53, 16
53, 4
53, 17
53, 3
53, 18
53, 2
53, 19
53, 1
53, 20
53, 0
53, 21
53, 22
53, 23
53, 24
53, 25
53, 26
53, 27
53, 28
53, 29
53, 30
53, 31
53, 32
53, 33
53, 34
53, 35
53, 36
53, 37
53, 38
53, 39
53, 40
53, 41
53, 42
53, 43
53, 44
53, 45
53, 46
53, 47
53, 48
10, 54
11, 54
9, 54
12, 54
8, 54
13, 54
7, 54
14, 54
6, 54
15, 54
5, 54
16, 54
4, 54
17, 54
3, 54
18, 54
2, 54
19, 54
1, 54
20, 54
0, 54
21, 54
22, 54
23, 54
24, 54
25, 54
26, 54
27, 54
28, 54
29, 54
30, 54
31, 54
32, 54
33, 54
34, 54
35, 54
36, 54
37, 54
38, 54
39, 54
40, 54
41, 54
42, 54
43, 54
44, 54
54, 10
54, 11
54, 9
54, 12
54, 8
54, 13
54, 7
54, 14
54, 6
54, 15
54, 5
54, 16
54, 4
54, 17
54, 3
54, 18
54, 2
54, 19
54, 1
54, 20
54, 0
54, 21
54, 22
54, 23
54, 24
54, 25
54, 26
54, 27
54, 28
54, 29
54, 30
54, 31
54, 32
54, 33
54, 34
54, 35
54, 36
54, 37
54, 38
54, 39
54, 40
54, 41
54, 42
54, 43
54, 44
54, 45
54, 46
54, 47
54, 48
10, 55
11, 55
9, 55
12, 55
8, 55
13, 55
7, 55
14, 55
6, 55
15, 55
5, 55
16, 55
4, 55
17, 55
3, 55
18, 55
2, 55
19, 55
1, 55
20, 55
0, 55
21, 55
22, 55
23, 55
24, 55
25, 55
26, 55
27, 55
28, 55
29, 55
30, 55
31, 55
32, 55
33, 55
34, 55
35, 55
36, 55
37, 55
38, 55
39, 55
40, 55
41, 55
42, 55
43, 55
55, 10
55, 11
55, 9
55, 12
55, 8
55, 13
55, 7
55, 14
55, 6
55, 15
55, 5
55, 16
55, 4
55, 17
55, 3
55, 18
55, 2
55, 19
55, 1
55, 20
55, 0
55, 21
55, 22
55, 23
55, 24
55, 25
55, 26
55, 27
55, 28
55, 29
55, 30
55, 31
55, 32
55, 33
55, 34
55, 35
55, 36
55, 37
55, 38
55, 39
55, 40
55, 41
55, 42
55, 43
55, 44
55, 45
55, 46
55, 47
10, 56
11, 56
9, 56
12, 56
8, 56
13, 56
7, 56
14, 56
6, 56
15, 56
5, 56
16, 56
4, 56
17, 56
3, 56
18, 56
2, 56
19, 56
1, 56
20, 56
0, 56
21, 56
22, 56
23, 56
24, 56
25, 56
26, 56
27, 56
28, 56
29, 56
30, 56
31, 56
32, 56
33, 56
34, 56
35, 56
36, 56
37, 56
38, 56
39, 56
40, 56
41, 56
56, 10
56, 11
56, 9
56, 12
56, 8
56, 13
56, 7
56, 14
56, 6
56, 15
56, 5
56, 16
56, 4
56, 17
56, 3
56, 18
56, 2
56, 19
56, 1
56, 20
56, 0
56, 21
56, 22
56, 23
56, 24
56, 25
56, 26
56, 27
56, 28
56, 29
56, 30
56, 31
56, 32
56, 33
56, 34
56, 35
56, 36
56, 37
56, 38
56, 39
56, 40
56, 41
56, 42
56, 43
56, 44
56, 45
56, 46
56, 47
10, 57
11, 57
9, 57
12, 57
8, 57
13, 57
7, 57
14, 57
6, 57
15, 57
5, 57
16, 57
4, 57
17, 57
3, 57
18, 57
2, 57
19, 57
1, 57
20, 57
0, 57
21, 57
22, 57
23, 57
24, 57
25, 57
26, 57
27, 57
28, 57
29, 57
30, 57
31, 57
32, 57
33, 57
34, 57
35, 57
36, 57
37, 57
38, 57
39, 57
57, 10
57, 11
57, 9
57, 12
57, 8
57, 13
57, 7
57, 14
57, 6
57, 15
57, 5
57, 16
57, 4
57, 17
57, 3
57, 18
57, 2
57, 19
57, 1
57, 20
57, 0
57, 21
57, 22
57, 23
57, 24
57, 25
57, 26
57, 27
57, 28
57, 29
57, 30
57, 31
57, 32
57, 33
57, 34
57, 35
57, 36
57, 37
57, 38
57, 39
57, 40
57, 41
57, 42
57, 43
57, 44
57, 45
57, 46
10, 58
11, 58
9, 58
12, 58
8, 58
13, 58
7, 58
14, 58
6, 58
15, 58
5, 58
16, 58
4, 58
17, 58
3, 58
18, 58
2, 58
19, 58
1, 58
20, 58
0, 58
21, 58
22, 58
23, 58
24, 58
25, 58
26, 58
27, 58
28, 58
29, 58
30, 58
31, 58
32, 58
33, 58
34, 58
35, 58
36, 58
37, 58
38, 58
58, 10
58, 11
58, 9
58, 12
58, 8
58, 13
58, 7
58, 14
58, 6
58, 15
58, 5
58, 16
58, 4
58, 17
58, 3
58, 18
58, 2
58, 19
58, 1
58, 20
58, 0
58, 21
58, 22
58, 23
58, 24
58, 25
58, 26
58, 27
58, 28
58, 29
58, 30
58, 31
58, 32
58, 33
58, 34
58, 35
58, 36
58, 37
58, 38
58, 39
58, 40
58, 41
58, 42
58, 43
58, 44
58, 45
10, 59
11, 59
9, 59
12, 59
8, 59
13, 59
7, 59
14, 59
6, 59
15, 59
5, 59
16, 59
4, 59
17, 59
3, 59
18, 59
2, 59
19, 59
1, 59
20, 59
0, 59
21, 59
22, 59
23, 59
24, 59
25, 59
26, 59
27, 59
28, 59
29, 59
30, 59
31, 59
32, 59
33, 59
34, 59
35, 59
36, 59
59, 10
59, 11
59, 9
59, 12
59, 8
59, 13
59, 7
59, 14
59, 6
59, 15
59, 5
59, 16
59, 4
59, 17
59, 3
59, 18
59, 2
59, 19
59, 1
59, 20
59, 0
59, 21
59, 22
59, 23
59, 24
59, 25
59, 26
59, 27
59, 28
59, 29
59, 30
59, 31
59, 32
59, 33
59, 34
59, 35
59, 36
59, 37
59, 38
59, 39
59, 40
59, 41
59, 42
59, 43
59, 44
59, 45
10, 60
11, 60
9, 60
12, 60
8, 60
13, 60
7, 60
14, 60
6, 60
15, 60
5, 60
16, 60
4, 60
17, 60
3, 60
18, 60
2, 60
19, 60
1, 60
20, 60
0, 60
21, 60
22, 60
23, 60
24, 60
25, 60
26, 60
27, 60
28, 60
29, 60
30, 60
31, 60
32, 60
33, 60
34, 60
35, 60
60, 10
60, 11
60, 9
60, 12
60, 8
60, 13
60, 7
60, 14
60, 6
60, 15
60, 5
60, 16
60, 4
60, 17
60, 3
60, 18
60, 2
60, 19
60, 1
60, 20
60, 0
60, 21
60, 22
60, 23
60, 24
60, 25
60, 26
60, 27
60, 28
60, 29
60, 30
60, 31
60, 32
60, 33
60, 34
60, 35
60, 36
60, 37
60, 38
60, 39
60, 40
60, 41
60, 42
60, 43
60, 44
10, 61
11, 61
9, 61
12, 61
8, 61
13, 61
7, 61
14, 61
6, 61
15, 61
5, 61
16, 61
4, 61
17, 61
3, 61
18, 61
2, 61
19, 61
1, 61
20, 61
0, 61
21, 61
22, 61
23, 61
24, 61
25, 61
26, 61
27, 61
28, 61
29, 61
30, 61
31, 61
32, 61
33, 61
61, 10
61, 11
61, 9
61, 12
61, 8
61, 13
61, 7
61, 14
61, 6
61, 15
61, 5
61, 16
61, 4
61, 17
61, 3
61, 18
61, 2
61, 19
61, 1
61, 20
61, 0
61, 21
61, 22
61, 23
61, 24
61, 25
61, 26
61, 27
61, 28
61, 29
61, 30
61, 31
61, 32
61, 33
61, 34
61, 35
61, 36
61, 37
61, 38
61, 39
61, 40
61, 41
61, 42
61, 43
10, 62
11, 62
9, 62
12, 62
8, 62
13, 62
7, 62
14, 62
6, 62
15, 62
5, 62
16, 62
4, 62
17, 62
3, 62
18, 62
2, 62
19, 62
1, 62
20, 62
0, 62
21, 62
22, 62
23, 62
24, 62
25, 62
26, 62
27, 62
28, 62
29, 62
30, 62
31, 62
62, 10
62, 11
62, 9
62, 12
62, 8
62, 13
62, 7
62, 14
62, 6
62, 15
62, 5
62, 16
62, 4
62, 17
62, 3
62, 18
62, 2
62, 19
62, 1
62, 20
62, 0
62, 21
62, 22
62, 23
62, 24
62, 25
62, 26
62, 27
62, 28
62, 29
62, 30
62, 31
62, 32
62, 33
62, 34
62, 35
62, 36
62, 37
62, 38
62, 39
62, 40
62, 41
62, 42
62, 43
10, 63
11, 63
9, 63
12, 63
8, 63
13, 63
7, 63
14, 63
6, 63
15, 63
5, 63
16, 63
4, 63
17, 63
3, 63
18, 63
2, 63
19, 63
1, 63
20, 63
0, 63
21, 63
22, 63
23, 63
24, 63
25, 63
26, 63
27, 63
28, 63
29, 63
30, 63
63, 10
63, 11
63, 9
63, 12
63, 8
63, 13
63, 7
63, 14
63, 6
63, 15
63, 5
63, 16
63, 4
63, 17
63, 3
63, 18
63, 2
63, 19
63, 1
63, 20
63, 0
63, 21
63, 22
63, 23
63, 24
63, 25
63, 26
63, 27
63, 28
63, 29
63, 30
63, 31
63, 32
63, 33
63, 34
63, 35
63, 36
63, 37
63, 38
63, 39
63, 40
63, 41
63, 42
10, 64
11, 64
9, 64
12, 64
8, 64
13, 64
7, 64
14, 64
6, 64
15, 64
5, 64
16, 64
4, 64
17, 64
3, 64
18, 64
2, 64
19, 64
1, 64
20, 64
0, 64
21, 64
22, 64
23, 64
24, 64
25, 64
26, 64
27, 64
28, 64
64, 10
64, 11
64, 9
64, 12
64, 8
64, 13
64, 7
64, 14
64, 6
64, 15
64, 5
64, 16
64, 4
64, 17
64, 3
64, 18
64, 2
64, 19
64, 1
64, 20
64, 0
64, 21
64, 22
64, 23
64, 24
64, 25
64, 26
64, 27
64, 28
64, 29
64, 30
64, 31
64, 32
64, 33
64, 34
64, 35
64, 36
64, 37
64, 38
64, 39
64, 40
64, 41
64, 42
10, 65
11, 65
9, 65
12, 65
8, 65
13, 65
7, 65
14, 65
6, 65
15, 65
5, 65
16, 65
4, 65
17, 65
3, 65
18, 65
2, 65
19, 65
1, 65
20, 65
0, 65
21, 65
22, 65
23, 65
24, 65
25, 65
26, 65
27, 65
65, 10
65, 11
65, 9
65, 12
65, 8
65, 13
65, 7
65, 14
65, 6
65, 15
65, 5
65, 16
65, 4
65, 17
65, 3
65, 18
65, 2
65, 19
65, 1
65, 20
65, 0
65, 21
65, 22
65, 23
65, 24
65, 25
65, 26
65, 27
65, 28
65, 29
65, 30
65, 31
65, 32
65, 33
65, 34
65, 35
65, 36
65, 37
65, 38
65, 39
65, 40
65, 41
10, 66
11, 66
9, 66
12, 66
8, 66
13, 66
7, 66
14, 66
6, 66
15, 66
5, 66
16, 66
4, 66
17, 66
3, 66
18, 66
2, 66
19, 66
1, 66
20, 66
0, 66
21, 66
22, 66
23, 66
24, 66
25, 66
66, 10
66, 11
66, 9
66, 12
66, 8
66, 13
66, 7
66, 14
66, 6
66, 15
66, 5
66, 16
66, 4
66, 17
66, 3
66, 18
66, 2
66, 19
66, 1
66, 20
66, 0
66, 21
66, 22
66, 23
66, 24
66, 25
66, 26
66, 27
66, 28
66, 29
66, 30
66, 31
66, 32
66, 33
66, 34
66, 35
66, 36
66, 37
66, 38
66, 39
66, 40
10, 67
11, 67
9, 67
12, 67
8, 67
13, 67
7, 67
14, 67
6, 67
15, 67
5, 67
16, 67
4, 67
17, 67
3, 67
18, 67
2, 67
19, 67
1, 67
20, 67
0, 67
21, 67
22, 67
23, 67
67, 10
67, 11
67, 9
67, 12
67, 8
67, 13
67, 7
67, 14
67, 6
67, 15
67, 5
67, 16
67, 4
67, 17
67, 3
67, 18
67, 2
67, 19
67, 1
67, 20
67, 0
67, 21
67, 22
67, 23
67, 24
67, 25
67, 26
67, 27
67, 28
67, 29
67, 30
67, 31
67, 32
67, 33
67, 34
67, 35
67, 36
67, 37
67, 38
67, 39
67, 40
10, 68
11, 68
9, 68
12, 68
8, 68
13, 68
7, 68
14, 68
6, 68
15, 68
5, 68
16, 68
4, 68
17, 68
3, 68
18, 68
2, 68
19, 68
1, 68
20, 68
0, 68
21, 68
22, 68
23, 68
68, 10
68, 11
68, 9
68, 12
68, 8
68, 13
68, 7
68, 14
68, 6
68, 15
68, 5
68, 16
68, 4
68, 17
68, 3
68, 18
68, 2
68, 19
68, 1
68, 20
68, 0
68, 21
68, 22
68, 23
68, 24
68, 25
68, 26
68, 27
68, 28
68, 29
68, 30
68, 31
68, 32
68, 33
68, 34
68, 35
68, 36
68, 37
68, 38
68, 39
10, 69
11, 69
9, 69
12, 69
8, 69
13, 69
7, 69
14, 69
6, 69
15, 69
5, 69
16, 69
4, 69
17, 69
3, 69
18, 69
2, 69
19, 69
1, 69
20, 69
0, 69
21, 69
22, 69
23, 69
24, 69
69, 10
69, 11
69, 9
69, 12
69, 8
69, 13
69, 7
69, 14
69, 6
69, 15
69, 5
69, 16
69, 4
69, 17
69, 3
69, 18
69, 2
69, 19
69, 1
69, 20
69, 0
69, 21
69, 22
69, 23
69, 24
69, 25
69, 26
69, 27
69, 28
69, 29
69, 30
69, 31
69, 32
69, 33
69, 34
69, 35
69, 36
69, 37
69, 38
69, 39
10, 70
11, 70
9, 70
12, 70
8, 70
13, 70
7, 70
14, 70
6, 70
15, 70
5, 70
16, 70
4, 70
17, 70
3, 70
18, 70
2, 70
19, 70
1, 70
20, 70
0, 70
21, 70
22, 70
23, 70
24, 70
70, 10
70, 11
70, 9
70, 12
70, 8
70, 13
70, 7
70, 14
70, 6
70, 15
70, 5
70, 16
70, 4
70, 17
70, 3
70, 18
70, 2
70, 19
70, 1
70, 20
70, 0
70, 21
70, 22
70, 23
70, 24
70, 25
70, 26
70, 27
70, 28
70, 29
70, 30
70, 31
70, 32
70, 33
70, 34
70, 35
70, 36
70, 37
70, 38
10, 71
11, 71
9, 71
12, 71
8, 71
13, 71
7, 71
14, 71
6, 71
15, 71
5, 71
16, 71
4, 71
17, 71
3, 71
18, 71
2, 71
19, 71
1, 71
20, 71
0, 71
21, 71
22, 71
23, 71
24, 71
25, 71
71, 10
71, 11
71, 9
71, 12
71, 8
71, 13
71, 7
71, 14
71, 6
71, 15
71, 5
71, 16
71, 4
71, 17
71, 3
71, 18
71, 2
71, 19
71, 1
71, 20
71, 0
71, 21
71, 22
71, 23
71, 24
71, 25
71, 26
71, 27
71, 28
71, 29
71, 30
71, 31
71, 32
71, 33
71, 34
71, 35
71, 36
71, 37
10, 72
11, 72
9, 72
12, 72
8, 72
13, 72
7, 72
14, 72
6, 72
15, 72
5, 72
16, 72
4, 72
17, 72
3, 72
18, 72
2, 72
19, 72
1, 72
20, 72
0, 72
21, 72
22, 72
23, 72
24, 72
25, 72
26, 72
72, 10
72, 11
72, 9
72, 12
72, 8
72, 13
72, 7
72, 14
72, 6
72, 15
72, 5
72, 16
72, 4
72, 17
72, 3
72, 18
72, 2
72, 19
72, 1
72, 20
72, 0
72, 21
72, 22
72, 23
72, 24
72, 25
72, 26
72, 27
72, 28
72, 29
72, 30
72, 31
72, 32
72, 33
72, 34
72, 35
72, 36
72, 37
10, 73
11, 73
9, 73
12, 73
8, 73
13, 73
7, 73
14, 73
6, 73
15, 73
5, 73
16, 73
4, 73
17, 73
3, 73
18, 73
2, 73
19, 73
1, 73
20, 73
0, 73
21, 73
22, 73
23, 73
24, 73
25, 73
26, 73
27, 73
73, 10
73, 11
73, 9
73, 12
73, 8
73, 13
73, 7
73, 14
73, 6
73, 15
73, 5
73, 16
73, 4
73, 17
73, 3
73, 18
73, 2
73, 19
73, 1
73, 20
73, 0
73, 21
73, 22
73, 23
73, 24
73, 25
73, 26
73, 27
73, 28
73, 29
73, 30
73, 31
73, 32
73, 33
73, 34
73, 35
73, 36
10, 74
11, 74
9, 74
12, 74
8, 74
13, 74
7, 74
14, 74
6, 74
15, 74
5, 74
16, 74
4, 74
17, 74
3, 74
18, 74
2, 74
19, 74
1, 74
20, 74
0, 74
21, 74
22, 74
23, 74
24, 74
25, 74
26, 74
27, 74
74, 10
74, 11
74, 9
74, 12
74, 8
74, 13
74, 7
74, 14
74, 6
74, 15
74, 5
74, 16
74, 4
74, 17
74, 3
74, 18
74, 2
74, 19
74, 1
74, 20
74, 0
74, 21
74, 22
74, 23
74, 24
74, 25
74, 26
74, 27
74, 28
74, 29
74, 30
74, 31
74, 32
74, 33
74, 34
74, 35
10, 75
11, 75
9, 75
12, 75
8, 75
13, 75
7, 75
14, 75
6, 75
15, 75
5, 75
16, 75
4, 75
17, 75
3, 75
18, 75
2, 75
19, 75
1, 75
20, 75
0, 75
21, 75
22, 75
23, 75
24, 75
25, 75
26, 75
27, 75
28, 75
75, 10
75, 11
75, 9
75, 12
75, 8
75, 13
75, 7
75, 14
75, 6
75, 15
75, 5
75, 16
75, 4
75, 17
75, 3
75, 18
75, 2
75, 19
75, 1
75, 20
75, 0
75, 21
75, 22
75, 23
75, 24
75, 25
75, 26
75, 27
75, 28
75, 29
75, 30
75, 31
75, 32
75, 33
75, 34
75, 35
10, 76
11, 76
9, 76
12, 76
8, 76
13, 76
7, 76
14, 76
6, 76
15, 76
5, 76
16, 76
4, 76
17, 76
3, 76
18, 76
2, 76
19, 76
1, 76
20, 76
0, 76
21, 76
22, 76
23, 76
24, 76
25, 76
26, 76
27, 76
28, 76
29, 76
76, 10
76, 11
76, 9
76, 12
76, 8
76, 13
76, 7
76, 14
76, 6
76, 15
76, 5
76, 16
76, 4
76, 17
76, 3
76, 18
76, 2
76, 19
76, 1
76, 20
76, 0
76, 21
76, 22
76, 23
76, 24
76, 25
76, 26
76, 27
76, 28
76, 29
76, 30
76, 31
76, 32
76, 33
76, 34
10, 77
11, 77
9, 77
12, 77
8, 77
13, 77
7, 77
14, 77
6, 77
15, 77
5, 77
16, 77
4, 77
17, 77
3, 77
18, 77
2, 77
19, 77
1, 77
20, 77
0, 77
21, 77
22, 77
23, 77
24, 77
25, 77
26, 77
27, 77
28, 77
29, 77
30, 77
77, 10
77, 11
77, 9
77, 12
77, 8
77, 13
77, 7
77, 14
77, 6
77, 15
77, 5
77, 16
77, 4
77, 17
77, 3
77, 18
77, 2
77, 19
77, 1
77, 20
77, 0
77, 21
77, 22
77, 23
77, 24
77, 25
77, 26
77, 27
77, 28
77, 29
77, 30
77, 31
77, 32
77, 33
77, 34
10, 78
11, 78
9, 78
12, 78
8, 78
13, 78
7, 78
14, 78
6, 78
15, 78
5, 78
16, 78
4, 78
17, 78
3, 78
18, 78
2, 78
19, 78
1, 78
20, 78
0, 78
21, 78
22, 78
23, 78
24, 78
25, 78
26, 78
27, 78
28, 78
29, 78
30, 78
31, 78
78, 10
78, 11
78, 9
78, 12
78, 8
78, 13
78, 7
78, 14
78, 6
78, 15
78, 5
78, 16
78, 4
78, 17
78, 3
78, 18
78, 2
78, 19
78, 1
78, 20
78, 0
78, 21
78, 22
78, 23
78, 24
78, 25
78, 26
78, 27
78, 28
78, 29
78, 30
78, 31
78, 32
78, 33
10, 79
11, 79
9, 79
12, 79
8, 79
13, 79
7, 79
14, 79
6, 79
15, 79
5, 79
16, 79
4, 79
17, 79
3, 79
18, 79
2, 79
19, 79
1, 79
20, 79
0, 79
21, 79
22, 79
23, 79
24, 79
25, 79
26, 79
27, 79
28, 79
29, 79
30, 79
31, 79
79, 10
79, 11
79, 9
79, 12
79, 8
79, 13
79, 7
79, 14
79, 6
79, 15
79, 5
79, 16
79, 4
79, 17
79, 3
79, 18
79, 2
79, 19
79, 1
79, 20
79, 0
79, 21
79, 22
79, 23
79, 24
79, 25
79, 26
79, 27
79, 28
79, 29
79, 30
79, 31
79, 32
10, 80
11, 80
9, 80
12, 80
8, 80
13, 80
7, 80
14, 80
6, 80
15, 80
5, 80
16, 80
4, 80
17, 80
3, 80
18, 80
2, 80
19, 80
1, 80
20, 80
0, 80
21, 80
22, 80
23, 80
24, 80
25, 80
26, 80
27, 80
28, 80
29, 80
30, 80
31, 80
32, 80
80, 10
80, 11
80, 9
80, 12
80, 8
80, 13
80, 7
80, 14
80, 6
80, 15
80, 5
80, 16
80, 4
80, 17
80, 3
80, 18
80, 2
80, 19
80, 1
80, 20
80, 0
80, 21
80, 22
80, 23
80, 24
80, 25
80, 26
80, 27
80, 28
80, 29
80, 30
80, 31
80, 32
10, 81
11, 81
9, 81
12, 81
8, 81
13, 81
7, 81
14, 81
6, 81
15, 81
5, 81
16, 81
4, 81
17, 81
3, 81
18, 81
2, 81
19, 81
1, 81
20, 81
0, 81
21, 81
22, 81
23, 81
24, 81
25, 81
26, 81
27, 81
28, 81
29, 81
30, 81
31, 81
32, 81
33, 81
81, 10
81, 11
81, 9
81, 12
81, 8
81, 13
81, 7
81, 14
81, 6
81, 15
81, 5
81, 16
81, 4
81, 17
81, 3
81, 18
81, 2
81, 19
81, 1
81, 20
81, 0
81, 21
81, 22
81, 23
81, 24
81, 25
81, 26
81, 27
81, 28
81, 29
81, 30
81, 31
10, 82
11, 82
9, 82
12, 82
8, 82
13, 82
7, 82
14, 82
6, 82
15, 82
5, 82
16, 82
4, 82
17, 82
3, 82
18, 82
2, 82
19, 82
1, 82
20, 82
0, 82
21, 82
22, 82
23, 82
24, 82
25, 82
26, 82
27, 82
28, 82
29, 82
30, 82
31, 82
32, 82
33, 82
34, 82
82, 10
82, 11
82, 9
82, 12
82, 8
82, 13
82, 7
82, 14
82, 6
82, 15
82, 5
82, 16
82, 4
82, 17
82, 3
82, 18
82, 2
82, 19
82, 1
82, 20
82, 0
82, 21
82, 22
82, 23
82, 24
82, 25
82, 26
82, 27
82, 28
82, 29
82, 30
10, 83
11, 83
9, 83
12, 83
8, 83
13, 83
7, 83
14, 83
6, 83
15, 83
5, 83
16, 83
4, 83
17, 83
3, 83
18, 83
2, 83
19, 83
1, 83
20, 83
0, 83
21, 83
22, 83
23, 83
24, 83
25, 83
26, 83
27, 83
28, 83
29, 83
30, 83
31, 83
32, 83
33, 83
34, 83
83, 10
83, 11
83, 9
83, 12
83, 8
83, 13
83, 7
83, 14
83, 6
83, 15
83, 5
83, 16
83, 4
83, 17
83, 3
83, 18
83, 2
83, 19
83, 1
83, 20
83, 0
83, 21
83, 22
83, 23
83, 24
83, 25
83, 26
83, 27
83, 28
83, 29
83, 30
10, 84
11, 84
9, 84
12, 84
8, 84
13, 84
7, 84
14, 84
6, 84
15, 84
5, 84
16, 84
4, 84
17, 84
3, 84
18, 84
2, 84
19, 84
1, 84
20, 84
0, 84
21, 84
22, 84
23, 84
24, 84
25, 84
26, 84
27, 84
28, 84
29, 84
30, 84
31, 84
32, 84
33, 84
34, 84
35, 84
84, 10
84, 11
84, 9
84, 12
84, 8
84, 13
84, 7
84, 14
84, 6
84, 15
84, 5
84, 16
84, 4
84, 17
84, 3
84, 18
84, 2
84, 19
84, 1
84, 20
84, 0
84, 21
84, 22
84, 23
84, 24
84, 25
84, 26
84, 27
84, 28
84, 29
10, 85
11, 85
9, 85
12, 85
8, 85
13, 85
7, 85
14, 85
6, 85
15, 85
5, 85
16, 85
4, 85
17, 85
3, 85
18, 85
2, 85
19, 85
1, 85
20, 85
0, 85
21, 85
22, 85
23, 85
24, 85
25, 85
26, 85
27, 85
28, 85
29, 85
30, 85
31, 85
32, 85
33, 85
34, 85
35, 85
36, 84
36, 85
36, 83
85, 10
85, 11
85, 9
85, 12
85, 8
85, 13
85, 7
85, 14
85, 6
85, 15
85, 5
85, 16
85, 4
85, 17
85, 3
85, 18
85, 2
85, 19
85, 1
85, 20
85, 0
85, 21
85, 22
85, 23
85, 24
85, 25
85, 26
85, 27
85, 28
85, 29
10, 86
11, 86
9, 86
12, 86
8, 86
13, 86
7, 86
14, 86
6, 86
15, 86
5, 86
16, 86
4, 86
17, 86
3, 86
18, 86
2, 86
19, 86
1, 86
20, 86
0, 86
21, 86
22, 86
23, 86
24, 86
25, 86
26, 86
27, 86
28, 86
29, 86
30, 86
31, 86
32, 86
33, 86
34, 86
35, 86
36, 86
37, 84
37, 85
37, 83
37, 86
86, 10
86, 11
86, 9
86, 12
86, 8
86, 13
86, 7
86, 14
86, 6
86, 15
86, 5
86, 16
86, 4
86, 17
86, 3
86, 18
86, 2
86, 19
86, 1
86, 20
86, 0
86, 21
86, 22
86, 23
86, 24
86, 25
86, 26
86, 27
86, 28
10, 87
11, 87
9, 87
12, 87
8, 87
13, 87
7, 87
14, 87
6, 87
15, 87
5, 87
16, 87
4, 87
17, 87
3, 87
18, 87
2, 87
19, 87
1, 87
20, 87
0, 87
21, 87
22, 87
23, 87
24, 87
25, 87
26, 87
27, 87
28, 87
29, 87
30, 87
31, 87
32, 87
33, 87
34, 87
35, 87
36, 87
37, 87
38, 84
38, 85
38, 83
38, 86
38, 82
38, 87
87, 10
87, 11
87, 9
87, 12
87, 8
87, 13
87, 7
87, 14
87, 6
87, 15
87, 5
87, 16
87, 4
87, 17
87, 3
87, 18
87, 2
87, 19
87, 1
87, 20
87, 0
87, 21
87, 22
87, 23
87, 24
87, 25
87, 26
87, 27
10, 88
11, 88
9, 88
12, 88
8, 88
13, 88
7, 88
14, 88
6, 88
15, 88
5, 88
16, 88
4, 88
17, 88
3, 88
18, 88
2, 88
19, 88
1, 88
20, 88
0, 88
21, 88
22, 88
23, 88
24, 88
25, 88
26, 88
27, 88
28, 88
29, 88
30, 88
31, 88
32, 88
33, 88
34, 88
35, 88
36, 88
37, 88
38, 88
39, 84
39, 85
39, 83
39, 86
39, 82
39, 87
39, 81
39, 88
88, 10
88, 11
88, 9
88, 12
88, 8
88, 13
88, 7
88, 14
88, 6
88, 15
88, 5
88, 16
88, 4
88, 17
88, 3
88, 18
88, 2
88, 19
88, 1
88, 20
88, 0
88, 21
88, 22
88, 23
88, 24
88, 25
88, 26
88, 27
10, 89
11, 89
9, 89
12, 89
8, 89
13, 89
7, 89
14, 89
6, 89
15, 89
5, 89
16, 89
4, 89
17, 89
3, 89
18, 89
2, 89
19, 89
1, 89
20, 89
0, 89
21, 89
22, 89
23, 89
24, 89
25, 89
26, 89
27, 89
28, 89
29, 89
30, 89
31, 89
32, 89
33, 89
34, 89
35, 89
36, 89
37, 89
38, 89
39, 89
40, 84
40, 85
40, 83
40, 86
40, 82
40, 87
40, 81
40, 88
40, 89
89, 10
89, 11
89, 9
89, 12
89, 8
89, 13
89, 7
89, 14
89, 6
89, 15
89, 5
89, 16
89, 4
89, 17
89, 3
89, 18
89, 2
89, 19
89, 1
89, 20
89, 0
89, 21
89, 22
89, 23
89, 24
89, 25
89, 26
10, 90
11, 90
9, 90
12, 90
8, 90
13, 90
7, 90
14, 90
6, 90
15, 90
5, 90
16, 90
4, 90
17, 90
3, 90
18, 90
2, 90
19, 90
1, 90
20, 90
0, 90
21, 90
22, 90
23, 90
24, 90
25, 90
26, 90
27, 90
28, 90
29, 90
30, 90
31, 90
32, 90
33, 90
34, 90
35, 90
36, 90
37, 90
38, 90
39, 90
40, 90
41, 84
41, 85
41, 83
41, 86
41, 82
41, 87
41, 81
41, 88
41, 80
41, 89
41, 90
90, 10
90, 11
90, 9
90, 12
90, 8
90, 13
90, 7
90, 14
90, 6
90, 15
90, 5
90, 16
90, 4
90, 17
90, 3
90, 18
90, 2
90, 19
90, 1
90, 20
90, 0
90, 21
90, 22
90, 23
90, 24
90, 25
90, 26
10, 91
11, 91
9, 91
12, 91
8, 91
13, 91
7, 91
14, 91
6, 91
15, 91
5, 91
16, 91
4, 91
17, 91
3, 91
18, 91
2, 91
19, 91
1, 91
20, 91
0, 91
21, 91
22, 91
23, 91
24, 91
25, 91
26, 91
27, 91
28, 91
29, 91
30, 91
31, 91
32, 91
33, 91
34, 91
35, 91
36, 91
37, 91
38, 91
39, 91
40, 91
41, 91
42, 84
42, 85
42, 83
42, 86
42, 82
42, 87
42, 81
42, 88
42, 80
42, 89
42, 79
42, 90
42, 91
91, 10
91, 11
91, 9
91, 12
91, 8
91, 13
91, 7
91, 14
91, 6
91, 15
91, 5
91, 16
91, 4
91, 17
91, 3
91, 18
91, 2
91, 19
91, 1
91, 20
91, 0
91, 21
91, 22
91, 23
91, 24
91, 25
10, 92
11, 92
9, 92
12, 92
8, 92
13, 92
7, 92
14, 92
6, 92
15, 92
5, 92
16, 92
4, 92
17, 92
3, 92
18, 92
2, 92
19, 92
1, 92
20, 92
0, 92
21, 92
22, 92
23, 92
24, 92
25, 92
26, 92
27, 92
28, 92
29, 92
30, 92
31, 92
32, 92
33, 92
34, 92
35, 92
36, 92
37, 92
38, 92
39, 92
40, 92
41, 92
42, 92
43, 84
43, 85
43, 83
43, 86
43, 82
43, 87
43, 81
43, 88
43, 80
43, 89
43, 79
43, 90
43, 91
43, 92
92, 10
92, 11
92, 9
92, 12
92, 8
92, 13
92, 7
92, 14
92, 6
92, 15
92, 5
92, 16
92, 4
92, 17
92, 3
92, 18
92, 2
92, 19
92, 1
92, 20
92, 0
92, 21
92, 22
92, 23
92, 24
10, 93
11, 93
9, 93
12, 93
8, 93
13, 93
7, 93
14, 93
6, 93
15, 93
5, 93
16, 93
4, 93
17, 93
3, 93
18, 93
2, 93
19, 93
1, 93
20, 93
0, 93
21, 93
22, 93
23, 93
24, 93
25, 93
26, 93
27, 93
28, 93
29, 93
30, 93
31, 93
32, 93
33, 93
34, 93
35, 93
36, 93
37, 93
38, 93
39, 93
40, 93
41, 93
42, 93
43, 93
44, 84
44, 85
44, 83
44, 86
44, 82
44, 87
44, 81
44, 88
44, 80
44, 89
44, 79
44, 90
44, 78
44, 91
44, 92
44, 93
93, 10
93, 11
93, 9
93, 12
93, 8
93, 13
93, 7
93, 14
93, 6
93, 15
93, 5
93, 16
93, 4
93, 17
93, 3
93, 18
93, 2
93, 19
93, 1
93, 20
93, 0
93, 21
93, 22
93, 23
93, 24
10, 94
11, 94
9, 94
12, 94
8, 94
13, 94
7, 94
14, 94
6, 94
15, 94
5, 94
16, 94
4, 94
17, 94
3, 94
18, 94
2, 94
19, 94
1, 94
20, 94
0, 94
21, 94
22, 94
23, 94
24, 94
25, 94
26, 94
27, 94
28, 94
29, 94
30, 94
31, 94
32, 94
33, 94
34, 94
35, 94
36, 94
37, 94
38, 94
39, 94
40, 94
41, 94
42, 94
43, 94
44, 94
45, 84
45, 85
45, 83
45, 86
45, 82
45, 87
45, 81
45, 88
45, 80
45, 89
45, 79
45, 90
45, 78
45, 91
45, 92
45, 93
45, 94
94, 10
94, 11
94, 9
94, 12
94, 8
94, 13
94, 7
94, 14
94, 6
94, 15
94, 5
94, 16
94, 4
94, 17
94, 3
94, 18
94, 2
94, 19
94, 1
94, 20
94, 0
94, 21
94, 22
94, 23
10, 95
11, 95
9, 95
12, 95
8, 95
13, 95
7, 95
14, 95
6, 95
15, 95
5, 95
16, 95
4, 95
17, 95
3, 95
18, 95
2, 95
19, 95
1, 95
20, 95
0, 95
21, 95
22, 95
23, 95
24, 95
25, 95
26, 95
27, 95
28, 95
29, 95
30, 95
31, 95
32, 95
33, 95
34, 95
35, 95
36, 95
37, 95
38, 95
39, 95
40, 95
41, 95
42, 95
43, 95
44, 95
45, 95
46, 84
46, 85
46, 83
46, 86
46, 82
46, 87
46, 81
46, 88
46, 80
46, 89
46, 79
46, 90
46, 78
46, 91
46, 77
46, 92
46, 93
46, 94
46, 95
95, 10
95, 11
95, 9
95, 12
95, 8
95, 13
95, 7
95, 14
95, 6
95, 15
95, 5
95, 16
95, 4
95, 17
95, 3
95, 18
95, 2
95, 19
95, 1
95, 20
95, 0
95, 21
95, 22
10, 96
11, 96
9, 96
12, 96
8, 96
13, 96
7, 96
14, 96
6, 96
15, 96
5, 96
16, 96
4, 96
17, 96
3, 96
18, 96
2, 96
19, 96
1, 96
20, 96
0, 96
21, 96
22, 96
23, 96
24, 96
25, 96
26, 96
27, 96
28, 96
29, 96
30, 96
31, 96
32, 96
33, 96
34, 96
35, 96
36, 96
37, 96
38, 96
39, 96
40, 96
41, 96
42, 96
43, 96
44, 96
45, 96
46, 96
47, 84
47, 85
47, 83
47, 86
47, 82
47, 87
47, 81
47, 88
47, 80
47, 89
47, 79
47, 90
47, 78
47, 91
47, 77
47, 92
47, 76
47, 93
47, 94
47, 95
47, 96
96, 10
96, 11
96, 9
96, 12
96, 8
96, 13
96, 7
96, 14
96, 6
96, 15
96, 5
96, 16
96, 4
96, 17
96, 3
96, 18
96, 2
96, 19
96, 1
96, 20
96, 0
96, 21
96, 22
96, 23
10, 97
11, 97
9, 97
12, 97
8, 97
13, 97
7, 97
14, 97
6, 97
15, 97
5, 97
16, 97
4, 97
17, 97
3, 97
18, 97
2, 97
19, 97
1, 97
20, 97
0, 97
21, 97
22, 97
23, 97
24, 97
25, 97
26, 97
27, 97
28, 97
29, 97
30, 97
31, 97
32, 97
33, 97
34, 97
35, 97
36, 97
37, 97
38, 97
39, 97
40, 97
41, 97
42, 97
43, 97
44, 97
45, 97
46, 97
47, 97
48, 84
48, 85
48, 83
48, 86
48, 82
48, 87
48, 81
48, 88
48, 80
48, 89
48, 79
48, 90
48, 78
48, 91
48, 77
48, 92
48, 76
48, 93
48, 94
48, 95
48, 96
48, 97
97, 10
97, 11
97, 9
97, 12
97, 8
97, 13
97, 7
97, 14
97, 6
97, 15
97, 5
97, 16
97, 4
97, 17
97, 3
97, 18
97, 2
97, 19
97, 1
97, 20
97, 0
97, 21
97, 22
97, 23
96, 24
97, 24
10, 98
11, 98
9, 98
12, 98
8, 98
13, 98
7, 98
14, 98
6, 98
15, 98
5, 98
16, 98
4, 98
17, 98
3, 98
18, 98
2, 98
19, 98
1, 98
20, 98
0, 98
21, 98
22, 98
23, 98
24, 98
25, 98
26, 98
27, 98
28, 98
29, 98
30, 98
31, 98
32, 98
33, 98
34, 98
35, 98
36, 98
37, 98
38, 98
39, 98
40, 98
41, 98
42, 98
43, 98
44, 98
45, 98
46, 98
47, 98
48, 98
49, 84
49, 85
49, 83
49, 86
49, 82
49, 87
49, 81
49, 88
49, 80
49, 89
49, 79
49, 90
49, 78
49, 91
49, 77
49, 92
49, 76
49, 93
49, 75
49, 94
49, 95
49, 96
49, 97
49, 98
98, 10
98, 11
98, 9
98, 12
98, 8
98, 13
98, 7
98, 14
98, 6
98, 15
98, 5
98, 16
98, 4
98, 17
98, 3
98, 18
98, 2
98, 19
98, 1
98, 20
98, 0
98, 21
98, 22
98, 23
98, 24
97, 25
98, 25
10, 99
11, 99
9, 99
12, 99
8, 99
13, 99
7, 99
14, 99
6, 99
15, 99
5, 99
16, 99
4, 99
17, 99
3, 99
18, 99
2, 99
19, 99
1, 99
20, 99
0, 99
21, 99
22, 99
23, 99
24, 99
25, 99
26, 99
27, 99
28, 99
29, 99
30, 99
31, 99
32, 99
33, 99
34, 99
35, 99
36, 99
37, 99
38, 99
39, 99
40, 99
41, 99
42, 99
43, 99
44, 99
45, 99
46, 99
47, 99
48, 99
49, 99
50, 84
50, 85
50, 83
50, 86
50, 82
50, 87
50, 81
50, 88
50, 80
50, 89
50, 79
50, 90
50, 78
50, 91
50, 77
50, 92
50, 76
50, 93
50, 75
50, 94
50, 74
50, 95
50, 96
50, 97
50, 98
50, 99
99, 10
99, 11
99, 9
99, 12
99, 8
99, 13
99, 7
99, 14
99, 6
99, 15
99, 5
99, 16
99, 4
99, 17
99, 3
99, 18
99, 2
99, 19
99, 1
99, 20
99, 0
99, 21
99, 22
99, 23
99, 24
99, 25
98, 26
99, 26
10, 100
11, 100
9, 100
12, 100
8, 100
13, 100
7, 100
14, 100
6, 100
15, 100
5, 100
16, 100
4, 100
17, 100
3, 100
18, 100
2, 100
19, 100
1, 100
20, 100
0, 100
21, 100
22, 100
23, 100
24, 100
25, 100
26, 100
27, 100
28, 100
29, 100
30, 100
31, 100
32, 100
33, 100
34, 100
35, 100
36, 100
37, 100
38, 100
39, 100
40, 100
41, 100
42, 100
43, 100
44, 100
45, 100
46, 100
47, 100
48, 100
49, 100
50, 100
51, 84
51, 85
51, 83
51, 86
51, 82
51, 87
51, 81
51, 88
51, 80
51, 89
51, 79
51, 90
51, 78
51, 91
51, 77
51, 92
51, 76
51, 93
51, 75
51, 94
51, 74
51, 95
51, 96
51, 97
51, 98
51, 99
51, 100
100, 10
100, 11
100, 9
100, 12
100, 8
100, 13
100, 7
100, 14
100, 6
100, 15
100, 5
100, 16
100, 4
100, 17
100, 3
100, 18
100, 2
100, 19
100, 1
100, 20
100, 0
100, 21
100, 22
100, 23
100, 24
100, 25
100, 26
99, 27
100, 27
10, 101
11, 101
9, 101
12, 101
8, 101
13, 101
7, 101
14, 101
6, 101
15, 101
5, 101
16, 101
4, 101
17, 101
3, 101
18, 101
2, 101
19, 101
1, 101
20, 101
0, 101
21, 101
22, 101
23, 101
24, 101
25, 101
26, 101
27, 101
28, 101
29, 101
30, 101
31, 101
32, 101
33, 101
34, 101
35, 101
36, 101
37, 101
38, 101
39, 101
40, 101
41, 101
42, 101
43, 101
44, 101
45, 101
46, 101
47, 101
48, 101
49, 101
50, 101
51, 101
52, 84
52, 85
52, 83
52, 86
52, 82
52, 87
52, 81
52, 88
52, 80
52, 89
52, 79
52, 90
52, 78
52, 91
52, 77
52, 92
52, 76
52, 93
52, 75
52, 94
52, 74
52, 95
52, 73
52, 96
52, 97
52, 98
52, 99
52, 100
52, 101
101, 10
101, 11
101, 9
101, 12
101, 8
101, 13
101, 7
101, 14
101, 6
101, 15
101, 5
101, 16
101, 4
101, 17
101, 3
101, 18
101, 2
101, 19
101, 1
101, 20
101, 0
101, 21
101, 22
101, 23
101, 24
101, 25
101, 26
101, 27
99, 28
100, 28
101, 28
10, 102
11, 102
9, 102
12, 102
8, 102
13, 102
7, 102
14, 102
6, 102
15, 102
5, 102
16, 102
4, 102
17, 102
3, 102
18, 102
2, 102
19, 102
1, 102
20, 102
0, 102
21, 102
22, 102
23, 102
24, 102
25, 102
26, 102
27, 102
28, 102
29, 102
30, 102
31, 102
32, 102
33, 102
34, 102
35, 102
36, 102
37, 102
38, 102
39, 102
40, 102
41, 102
42, 102
43, 102
44, 102
45, 102
46, 102
47, 102
48, 102
49, 102
50, 102
51, 102
52, 102
53, 84
53, 85
53, 83
53, 86
53, 82
53, 87
53, 81
53, 88
53, 80
53, 89
53, 79
53, 90
53, 78
53, 91
53, 77
53, 92
53, 76
53, 93
53, 75
53, 94
53, 74
53, 95
53, 73
53, 96
53, 97
53, 98
53, 99
53, 100
53, 101
53, 102
102, 10
102, 11
102, 9
102, 12
102, 8
102, 13
102, 7
102, 14
102, 6
102, 15
102, 5
102, 16
102, 4
102, 17
102, 3
102, 18
102, 2
102, 19
102, 1
102, 20
102, 0
102, 21
102, 22
102, 23
102, 24
102, 25
102, 26
102, 27
102, 28
100, 29
101, 29
102, 29
10, 103
11, 103
9, 103
12, 103
8, 103
13, 103
7, 103
14, 103
6, 103
15, 103
5, 103
16, 103
4, 103
17, 103
3, 103
18, 103
2, 103
19, 103
1, 103
20, 103
0, 103
21, 103
22, 103
23, 103
24, 103
25, 103
26, 103
27, 103
28, 103
29, 103
30, 103
31, 103
32, 103
33, 103
34, 103
35, 103
36, 103
37, 103
38, 103
39, 103
40, 103
41, 103
42, 103
43, 103
44, 103
45, 103
46, 103
47, 103
48, 103
49, 103
50, 103
51, 103
52, 103
53, 103
54, 84
54, 85
54, 83
54, 86
54, 82
54, 87
54, 81
54, 88
54, 80
54, 89
54, 79
54, 90
54, 78
54, 91
54, 77
54, 92
54, 76
54, 93
54, 75
54, 94
54, 74
54, 95
54, 73
54, 96
54, 72
54, 97
54, 98
54, 99
54, 100
54, 101
54, 102
54, 103
103, 10
103, 11
103, 9
103, 12
103, 8
103, 13
103, 7
103, 14
103, 6
103, 15
103, 5
103, 16
103, 4
103, 17
103, 3
103, 18
103, 2
103, 19
103, 1
103, 20
103, 0
103, 21
103, 22
103, 23
103, 24
103, 25
103, 26
103, 27
103, 28
103, 29
101, 30
102, 30
103, 30
10, 104
11, 104
9, 104
12, 104
8, 104
13, 104
7, 104
14, 104
6, 104
15, 104
5, 104
16, 104
4, 104
17, 104
3, 104
18, 104
2, 104
19, 104
1, 104
20, 104
0, 104
21, 104
22, 104
23, 104
24, 104
25, 104
26, 104
27, 104
28, 104
29, 104
30, 104
31, 104
32, 104
33, 104
34, 104
35, 104
36, 104
37, 104
38, 104
39, 104
40, 104
41, 104
42, 104
43, 104
44, 104
45, 104
46, 104
47, 104
48, 104
49, 104
50, 104
51, 104
52, 104
53, 104
54, 104
55, 84
55, 85
55, 83
55, 86
55, 82
55, 87
55, 81
55, 88
55, 80
55, 89
55, 79
55, 90
55, 78
55, 91
55, 77
55, 92
55, 76
55, 93
55, 75
55, 94
55, 74
55, 95
55, 73
55, 96
55, 72
55, 97
55, 71
55, 98
55, 99
55, 100
55, 101
55, 102
55, 103
55, 104
104, 10
104, 11
104, 9
104, 12
104, 8
104, 13
104, 7
104, 14
104, 6
104, 15
104, 5
104, 16
104, 4
104, 17
104, 3
104, 18
104, 2
104, 19
104, 1
104, 20
104, 0
104, 21
104, 22
104, 23
104, 24
104, 25
104, 26
104, 27
104, 28
104, 29
104, 30
102, 31
103, 31
104, 31
10, 105
11, 105
9, 105
12, 105
8, 105
13, 105
7, 105
14, 105
6, 105
15, 105
5, 105
16, 105
4, 105
17, 105
3, 105
18, 105
2, 105
19, 105
1, 105
20, 105
0, 105
21, 105
22, 105
23, 105
24, 105
25, 105
26, 105
27, 105
28, 105
29, 105
30, 105
31, 105
32, 105
33, 105
34, 105
35, 105
36, 105
37, 105
38, 105
39, 105
40, 105
41, 105
42, 105
43, 105
44, 105
45, 105
46, 105
47, 105
48, 105
49, 105
50, 105
51, 105
52, 105
53, 105
54, 105
55, 105
56, 84
56, 85
56, 83
56, 86
56, 82
56, 87
56, 81
56, 88
56, 80
56, 89
56, 79
56, 90
56, 78
56, 91
56, 77
56, 92
56, 76
56, 93
56, 75
56, 94
56, 74
56, 95
56, 73
56, 96
56, 72
56, 97
56, 71
56, 98
56, 99
56, 100
56, 101
56, 102
56, 103
56, 104
56, 105
105, 10
105, 11
105, 9
105, 12
105, 8
105, 13
105, 7
105, 14
105, 6
105, 15
105, 5
105, 16
105, 4
105, 17
105, 3
105, 18
105, 2
105, 19
105, 1
105, 20
105, 0
105, 21
105, 22
105, 23
105, 24
105, 25
105, 26
105, 27
105, 28
105, 29
105, 30
105, 31
102, 32
103, 32
104, 32
105, 32
10, 106
11, 106
9, 106
12, 106
8, 106
13, 106
7, 106
14, 106
6, 106
15, 106
5, 106
16, 106
4, 106
17, 106
3, 106
18, 106
2, 106
19, 106
1, 106
20, 106
0, 106
21, 106
22, 106
23, 106
24, 106
25, 106
26, 106
27, 106
28, 106
29, 106
30, 106
31, 106
32, 106
33, 106
34, 106
35, 106
36, 106
37, 106
38, 106
39, 106
40, 106
41, 106
42, 106
43, 106
44, 106
45, 106
46, 106
47, 106
48, 106
49, 106
50, 106
51, 106
52, 106
53, 106
54, 106
55, 106
56, 106
57, 84
57, 85
57, 83
57, 86
57, 82
57, 87
57, 81
57, 88
57, 80
57, 89
57, 79
57, 90
57, 78
57, 91
57, 77
57, 92
57, 76
57, 93
57, 75
57, 94
57, 74
57, 95
57, 73
57, 96
57, 72
57, 97
57, 71
57, 98
57, 70
57, 99
57, 100
57, 101
57, 102
57, 103
57, 104
57, 105
57, 106
106, 10
106, 11
106, 9
106, 12
106, 8
106, 13
106, 7
106, 14
106, 6
106, 15
106, 5
106, 16
106, 4
106, 17
106, 3
106, 18
106, 2
106, 19
106, 1
106, 20
106, 0
106, 21
106, 22
106, 23
106, 24
106, 25
106, 26
106, 27
106, 28
106, 29
106, 30
106, 31
106, 32
103, 33
104, 33
105, 33
106, 33
10, 107
11, 107
9, 107
12, 107
8, 107
13, 107
7, 107
14, 107
6, 107
15, 107
5, 107
16, 107
4, 107
17, 107
3, 107
18, 107
2, 107
19, 107
1, 107
20, 107
0, 107
21, 107
22, 107
23, 107
24, 107
25, 107
26, 107
27, 107
28, 107
29, 107
30, 107
31, 107
32, 107
33, 107
34, 107
35, 107
36, 107
37, 107
38, 107
39, 107
40, 107
41, 107
42, 107
43, 107
44, 107
45, 107
46, 107
47, 107
48, 107
49, 107
50, 107
51, 107
52, 107
53, 107
54, 107
55, 107
56, 107
57, 107
58, 84
58, 85
58, 83
58, 86
58, 82
58, 87
58, 81
58, 88
58, 80
58, 89
58, 79
58, 90
58, 78
58, 91
58, 77
58, 92
58, 76
58, 93
58, 75
58, 94
58, 74
58, 95
58, 73
58, 96
58, 72
58, 97
58, 71
58, 98
58, 70
58, 99
58, 100
58, 101
58, 102
58, 103
58, 104
58, 105
58, 106
58, 107
107, 10
107, 11
107, 9
107, 12
107, 8
107, 13
107, 7
107, 14
107, 6
107, 15
107, 5
107, 16
107, 4
107, 17
107, 3
107, 18
107, 2
107, 19
107, 1
107, 20
107, 0
107, 21
107, 22
107, 23
107, 24
107, 25
107, 26
107, 27
107, 28
107, 29
107, 30
107, 31
107, 32
107, 33
104, 34
105, 34
106, 34
107, 34
10, 108
11, 108
9, 108
12, 108
8, 108
13, 108
7, 108
14, 108
6, 108
15, 108
5, 108
16, 108
4, 108
17, 108
3, 108
18, 108
2, 108
19, 108
1, 108
20, 108
0, 108
21, 108
22, 108
23, 108
24, 108
25, 108
26, 108
27, 108
28, 108
29, 108
30, 108
31, 108
32, 108
33, 108
34, 108
35, 108
36, 108
37, 108
38, 108
39, 108
40, 108
41, 108
42, 108
43, 108
44, 108
45, 108
46, 108
47, 108
48, 108
49, 108
50, 108
51, 108
52, 108
53, 108
54, 108
55, 108
56, 108
57, 108
58, 108
59, 84
59, 85
59, 83
59, 86
59, 82
59, 87
59, 81
59, 88
59, 80
59, 89
59, 79
59, 90
59, 78
59, 91
59, 77
59, 92
59, 76
59, 93
59, 75
59, 94
59, 74
59, 95
59, 73
59, 96
59, 72
59, 97
59, 71
59, 98
59, 70
59, 99
59, 69
59, 100
59, 101
59, 102
59, 103
59, 104
59, 105
59, 106
59, 107
59, 108
108, 10
108, 11
108, 9
108, 12
108, 8
108, 13
108, 7
108, 14
108, 6
108, 15
108, 5
108, 16
108, 4
108, 17
108, 3
108, 18
108, 2
108, 19
108, 1
108, 20
108, 0
108, 21
108, 22
108, 23
108, 24
108, 25
108, 26
108, 27
108, 28
108, 29
108, 30
108, 31
108, 32
108, 33
108, 34
105, 35
106, 35
107, 35
108, 35
10, 109
11, 109
9, 109
12, 109
8, 109
13, 109
7, 109
14, 109
6, 109
15, 109
5, 109
16, 109
4, 109
17, 109
3, 109
18, 109
2, 109
19, 109
1, 109
20, 109
0, 109
21, 109
22, 109
23, 109
24, 109
25, 109
26, 109
27, 109
28, 109
29, 109
30, 109
31, 109
32, 109
33, 109
34, 109
35, 109
36, 109
37, 109
38, 109
39, 109
40, 109
41, 109
42, 109
43, 109
44, 109
45, 109
46, 109
47, 109
48, 109
49, 109
50, 109
51, 109
52, 109
53, 109
54, 109
55, 109
56, 109
57, 109
58, 109
59, 109
60, 84
60, 85
60, 83
60, 86
60, 82
60, 87
60, 81
60, 88
60, 80
60, 89
60, 79
60, 90
60, 78
60, 91
60, 77
60, 92
60, 76
60, 93
60, 75
60, 94
60, 74
60, 95
60, 73
60, 96
60, 72
60, 97
60, 71
60, 98
60, 70
60, 99
60, 69
60, 100
60, 68
60, 101
60, 102
60, 103
60, 104
60, 105
60, 106
60, 107
60, 108
60, 109
109, 10
109, 11
109, 9
109, 12
109, 8
109, 13
109, 7
109, 14
109, 6
109, 15
109, 5
109, 16
109, 4
109, 17
109, 3
109, 18
109, 2
109, 19
109, 1
109, 20
109, 0
109, 21
109, 22
109, 23
109, 24
109, 25
109, 26
109, 27
109, 28
109, 29
109, 30
109, 31
109, 32
109, 33
109, 34
109, 35
106, 36
107, 36
108, 36
109, 36
10, 110
11, 110
9, 110
12, 110
8, 110
13, 110
7, 110
14, 110
6, 110
15, 110
5, 110
16, 110
4, 110
17, 110
3, 110
18, 110
2, 110
19, 110
1, 110
20, 110
0, 110
21, 110
22, 110
23, 110
24, 110
25, 110
26, 110
27, 110
28, 110
29, 110
30, 110
31, 110
32, 110
33, 110
34, 110
35, 110
36, 110
37, 110
38, 110
39, 110
40, 110
41, 110
42, 110
43, 110
44, 110
45, 110
46, 110
47, 110
48, 110
49, 110
50, 110
51, 110
52, 110
53, 110
54, 110
55, 110
56, 110
57, 110
58, 110
59, 110
60, 110
61, 84
61, 85
61, 83
61, 86
61, 82
61, 87
61, 81
61, 88
61, 80
61, 89
61, 79
61, 90
61, 78
61, 91
61, 77
61, 92
61, 76
61, 93
61, 75
61, 94
61, 74
61, 95
61, 73
61, 96
61, 72
61, 97
61, 71
61, 98
61, 70
61, 99
61, 69
61, 100
61, 68
61, 101
61, 102
61, 103
61, 104
61, 105
61, 106
61, 107
61, 108
61, 109
61, 110
110, 10
110, 11
110, 9
110, 12
110, 8
110, 13
110, 7
110, 14
110, 6
110, 15
110, 5
110, 16
110, 4
110, 17
110, 3
110, 18
110, 2
110, 19
110, 1
110, 20
110, 0
110, 21
110, 22
110, 23
110, 24
110, 25
110, 26
110, 27
110, 28
110, 29
110, 30
110, 31
110, 32
110, 33
110, 34
110, 35
110, 36
106, 37
107, 37
108, 37
109, 37
110, 37
10, 111
11, 111
9, 111
12, 111
8, 111
13, 111
7, 111
14, 111
6, 111
15, 111
5, 111
16, 111
4, 111
17, 111
3, 111
18, 111
2, 111
19, 111
1, 111
20, 111
0, 111
21, 111
22, 111
23, 111
24, 111
25, 111
26, 111
27, 111
28, 111
29, 111
30, 111
31, 111
32, 111
33, 111
34, 111
35, 111
36, 111
37, 111
38, 111
39, 111
40, 111
41, 111
42, 111
43, 111
44, 111
45, 111
46, 111
47, 111
48, 111
49, 111
50, 111
51, 111
52, 111
53, 111
54, 111
55, 111
56, 111
57, 111
58, 111
59, 111
60, 111
61, 111
62, 84
62, 85
62, 83
62, 86
62, 82
62, 87
62, 81
62, 88
62, 80
62, 89
62, 79
62, 90
62, 78
62, 91
62, 77
62, 92
62, 76
62, 93
62, 75
62, 94
62, 74
62, 95
62, 73
62, 96
62, 72
62, 97
62, 71
62, 98
62, 70
62, 99
62, 69
62, 100
62, 68
62, 101
62, 67
62, 102
62, 103
62, 104
62, 105
62, 106
62, 107
62, 108
62, 109
62, 110
62, 111
111, 10
111, 11
111, 9
111, 12
111, 8
111, 13
111, 7
111, 14
111, 6
111, 15
111, 5
111, 16
111, 4
111, 17
111, 3
111, 18
111, 2
111, 19
111, 1
111, 20
111, 0
111, 21
111, 22
111, 23
111, 24
111, 25
111, 26
111, 27
111, 28
111, 29
111, 30
111, 31
111, 32
111, 33
111, 34
111, 35
111, 36
111, 37
107, 38
108, 38
109, 38
110, 38
111, 38
10, 112
11, 112
9, 112
12, 112
8, 112
13, 112
7, 112
14, 112
6, 112
15, 112
5, 112
16, 112
4, 112
17, 112
3, 112
18, 112
2, 112
19, 112
1, 112
20, 112
0, 112
21, 112
22, 112
23, 112
24, 112
25, 112
26, 112
27, 112
28, 112
29, 112
30, 112
31, 112
32, 112
33, 112
34, 112
35, 112
36, 112
37, 112
38, 112
39, 112
40, 112
41, 112
42, 112
43, 112
44, 112
45, 112
46, 112
47, 112
48, 112
49, 112
50, 112
51, 112
52, 112
53, 112
54, 112
55, 112
56, 112
57, 112
58, 112
59, 112
60, 112
61, 112
62, 112
63, 84
63, 85
63, 83
63, 86
63, 82
63, 87
63, 81
63, 88
63, 80
63, 89
63, 79
63, 90
63, 78
63, 91
63, 77
63, 92
63, 76
63, 93
63, 75
63, 94
63, 74
63, 95
63, 73
63, 96
63, 72
63, 97
63, 71
63, 98
63, 70
63, 99
63, 69
63, 100
63, 68
63, 101
63, 67
63, 102
63, 66
63, 103
63, 104
63, 105
63, 106
63, 107
63, 108
63, 109
63, 110
63, 111
63, 112
112, 10
112, 11
112, 9
112, 12
112, 8
112, 13
112, 7
112, 14
112, 6
112, 15
112, 5
112, 16
112, 4
112, 17
112, 3
112, 18
112, 2
112, 19
112, 1
112, 20
112, 0
112, 21
112, 22
112, 23
112, 24
112, 25
112, 26
112, 27
112, 28
112, 29
112, 30
112, 31
112, 32
112, 33
112, 34
112, 35
112, 36
112, 37
112, 38
107, 39
108, 39
109, 39
110, 39
111, 39
112, 39
10, 113
11, 113
9, 113
12, 113
8, 113
13, 113
7, 113
14, 113
6, 113
15, 113
5, 113
16, 113
4, 113
17, 113
3, 113
18, 113
2, 113
19, 113
1, 113
20, 113
0, 113
21, 113
22, 113
23, 113
24, 113
25, 113
26, 113
27, 113
28, 113
29, 113
30, 113
31, 113
32, 113
33, 113
34, 113
35, 113
36, 113
37, 113
38, 113
39, 113
40, 113
41, 113
42, 113
43, 113
44, 113
45, 113
46, 113
47, 113
48, 113
49, 113
50, 113
51, 113
52, 113
53, 113
54, 113
55, 113
56, 113
57, 113
58, 113
59, 113
60, 113
61, 113
62, 113
63, 113
64, 84
64, 85
64, 83
64, 86
64, 82
64, 87
64, 81
64, 88
64, 80
64, 89
64, 79
64, 90
64, 78
64, 91
64, 77
64, 92
64, 76
64, 93
64, 75
64, 94
64, 74
64, 95
64, 73
64, 96
64, 72
64, 97
64, 71
64, 98
64, 70
64, 99
64, 69
64, 100
64, 68
64, 101
64, 67
64, 102
64, 66
64, 103
64, 104
64, 105
64, 106
64, 107
64, 108
64, 109
64, 110
64, 111
64, 112
64, 113
113, 10
113, 11
113, 9
113, 12
113, 8
113, 13
113, 7
113, 14
113, 6
113, 15
113, 5
113, 16
113, 4
113, 17
113, 3
113, 18
113, 2
113, 19
113, 1
113, 20
113, 0
113, 21
113, 22
113, 23
113, 24
113, 25
113, 26
113, 27
113, 28
113, 29
113, 30
113, 31
113, 32
113, 33
113, 34
113, 35
113, 36
113, 37
113, 38
113, 39
107, 40
108, 40
106, 40
109, 40
110, 40
111, 40
112, 40
113, 40
10, 114
11, 114
9, 114
12, 114
8, 114
13, 114
7, 114
14, 114
6, 114
15, 114
5, 114
16, 114
4, 114
17, 114
3, 114
18, 114
2, 114
19, 114
1, 114
20, 114
0, 114
21, 114
22, 114
23, 114
24, 114
25, 114
26, 114
27, 114
28, 114
29, 114
30, 114
31, 114
32, 114
33, 114
34, 114
35, 114
36, 114
37, 114
38, 114
39, 114
40, 114
41, 114
42, 114
43, 114
44, 114
45, 114
46, 114
47, 114
48, 114
49, 114
50, 114
51, 114
52, 114
53, 114
54, 114
55, 114
56, 114
57, 114
58, 114
59, 114
60, 114
61, 114
62, 114
63, 114
64, 114
65, 84
65, 85
65, 83
65, 86
65, 82
65, 87
65, 81
65, 88
65, 80
65, 89
65, 79
65, 90
65, 78
65, 91
65, 77
65, 92
65, 76
65, 93
65, 75
65, 94
65, 74
65, 95
65, 73
65, 96
65, 72
65, 97
65, 71
65, 98
65, 70
65, 99
65, 69
65, 100
65, 68
65, 101
65, 67
65, 102
65, 66
65, 103
65, 65
65, 104
65, 105
65, 106
65, 107
65, 108
65, 109
65, 110
65, 111
65, 112
65, 113
65, 114
114, 10
114, 11
114, 9
114, 12
114, 8
114, 13
114, 7
114, 14
114, 6
114, 15
114, 5
114, 16
114, 4
114, 17
114, 3
114, 18
114, 2
114, 19
114, 1
114, 20
114, 0
114, 21
114, 22
114, 23
114, 24
114, 25
114, 26
114, 27
114, 28
114, 29
114, 30
114, 31
114, 32
114, 33
114, 34
114, 35
114, 36
114, 37
114, 38
114, 39
114, 40
107, 41
108, 41
106, 41
109, 41
105, 40
105, 41
110, 41
111, 41
112, 41
113, 41
114, 41
10, 115
11, 115
9, 115
12, 115
8, 115
13, 115
7, 115
14, 115
6, 115
15, 115
5, 115
16, 115
4, 115
17, 115
3, 115
18, 115
2, 115
19, 115
1, 115
20, 115
0, 115
21, 115
22, 115
23, 115
24, 115
25, 115
26, 115
27, 115
28, 115
29, 115
30, 115
31, 115
32, 115
33, 115
34, 115
35, 115
36, 115
37, 115
38, 115
39, 115
40, 115
41, 115
42, 115
43, 115
44, 115
45, 115
46, 115
47, 115
48, 115
49, 115
50, 115
51, 115
52, 115
53, 115
54, 115
55, 115
56, 115
57, 115
58, 115
59, 115
60, 115
61, 115
62, 115
63, 115
64, 115
65, 115
66, 84
66, 85
66, 83
66, 86
66, 82
66, 87
66, 81
66, 88
66, 80
66, 89
66, 79
66, 90
66, 78
66, 91
66, 77
66, 92
66, 76
66, 93
66, 75
66, 94
66, 74
66, 95
66, 73
66, 96
66, 72
66, 97
66, 71
66, 98
66, 70
66, 99
66, 69
66, 100
66, 68
66, 101
66, 67
66, 102
66, 66
66, 103
66, 65
66, 104
66, 105
66, 106
66, 107
66, 108
66, 109
66, 110
66, 111
66, 112
66, 113
66, 114
66, 115
115, 10
115, 11
115, 9
115, 12
115, 8
115, 13
115, 7
115, 14
115, 6
115, 15
115, 5
115, 16
115, 4
115, 17
115, 3
115, 18
115, 2
115, 19
115, 1
115, 20
115, 0
115, 21
115, 22
115, 23
115, 24
115, 25
115, 26
115, 27
115, 28
115, 29
115, 30
115, 31
115, 32
115, 33
115, 34
115, 35
115, 36
115, 37
115, 38
115, 39
115, 40
115, 41
107, 42
108, 42
106, 42
109, 42
105, 42
110, 42
104, 41
104, 42
111, 42
112, 42
113, 42
114, 42
115, 42
10, 116
11, 116
9, 116
12, 116
8, 116
13, 116
7, 116
14, 116
6, 116
15, 116
5, 116
16, 116
4, 116
17, 116
3, 116
18, 116
2, 116
19, 116
1, 116
20, 116
0, 116
21, 116
22, 116
23, 116
24, 116
25, 116
26, 116
27, 116
28, 116
29, 116
30, 116
31, 116
32, 116
33, 116
34, 116
35, 116
36, 116
37, 116
38, 116
39, 116
40, 116
41, 116
42, 116
43, 116
44, 116
45, 116
46, 116
47, 116
48, 116
49, 116
50, 116
51, 116
52, 116
53, 116
54, 116
55, 116
56, 116
57, 116
58, 116
59, 116
60, 116
61, 116
62, 116
63, 116
64, 116
65, 116
66, 116
67, 84
67, 85
67, 83
67, 86
67, 82
67, 87
67, 81
67, 88
67, 80
67, 89
67, 79
67, 90
67, 78
67, 91
67, 77
67, 92
67, 76
67, 93
67, 75
67, 94
67, 74
67, 95
67, 73
67, 96
67, 72
67, 97
67, 71
67, 98
67, 70
67, 99
67, 69
67, 100
67, 68
67, 101
67, 67
67, 102
67, 66
67, 103
67, 65
67, 104
67, 64
67, 105
67, 106
67, 107
67, 108
67, 109
67, 110
67, 111
67, 112
67, 113
67, 114
67, 115
67, 116
116, 10
116, 11
116, 9
116, 12
116, 8
116, 13
116, 7
116, 14
116, 6
116, 15
116, 5
116, 16
116, 4
116, 17
116, 3
116, 18
116, 2
116, 19
116, 1
116, 20
116, 0
116, 21
116, 22
116, 23
116, 24
116, 25
116, 26
116, 27
116, 28
116, 29
116, 30
116, 31
116, 32
116, 33
116, 34
116, 35
116, 36
116, 37
116, 38
116, 39
116, 40
116, 41
116, 42
107, 43
108, 43
106, 43
109, 43
105, 43
110, 43
104, 43
111, 43
103, 42
103, 43
112, 43
113, 43
114, 43
115, 43
116, 43
10, 117
11, 117
9, 117
12, 117
8, 117
13, 117
7, 117
14, 117
6, 117
15, 117
5, 117
16, 117
4, 117
17, 117
3, 117
18, 117
2, 117
19, 117
1, 117
20, 117
0, 117
21, 117
22, 117
23, 117
24, 117
25, 117
26, 117
27, 117
28, 117
29, 117
30, 117
31, 117
32, 117
33, 117
34, 117
35, 117
36, 117
37, 117
38, 117
39, 117
40, 117
41, 117
42, 117
43, 117
44, 117
45, 117
46, 117
47, 117
48, 117
49, 117
50, 117
51, 117
52, 117
53, 117
54, 117
55, 117
56, 117
57, 117
58, 117
59, 117
60, 117
61, 117
62, 117
63, 117
64, 117
65, 117
66, 117
67, 117
68, 84
68, 85
68, 83
68, 86
68, 82
68, 87
68, 81
68, 88
68, 80
68, 89
68, 79
68, 90
68, 78
68, 91
68, 77
68, 92
68, 76
68, 93
68, 75
68, 94
68, 74
68, 95
68, 73
68, 96
68, 72
68, 97
68, 71
68, 98
68, 70
68, 99
68, 69
68, 100
68, 68
68, 101
68, 67
68, 102
68, 66
68, 103
68, 65
68, 104
68, 64
68, 105
68, 63
68, 106
68, 107
68, 108
68, 109
68, 110
68, 111
68, 112
68, 113
68, 114
68, 115
68, 116
68, 117
117, 10
117, 11
117, 9
117, 12
117, 8
117, 13
117, 7
117, 14
117, 6
117, 15
117, 5
117, 16
117, 4
117, 17
117, 3
117, 18
117, 2
117, 19
117, 1
117, 20
117, 0
117, 21
117, 22
117, 23
117, 24
117, 25
117, 26
117, 27
117, 28
117, 29
117, 30
117, 31
117, 32
117, 33
117, 34
117, 35
117, 36
117, 37
117, 38
117, 39
117, 40
117, 41
117, 42
117, 43
107, 44
108, 44
106, 44
109, 44
105, 44
110, 44
104, 44
111, 44
103, 44
112, 44
102, 42
102, 43
102, 44
113, 44
114, 44
115, 44
116, 44
117, 44
10, 118
11, 118
9, 118
12, 118
8, 118
13, 118
7, 118
14, 118
6, 118
15, 118
5, 118
16, 118
4, 118
17, 118
3, 118
18, 118
2, 118
19, 118
1, 118
20, 118
0, 118
21, 118
22, 118
23, 118
24, 118
25, 118
26, 118
27, 118
28, 118
29, 118
30, 118
31, 118
32, 118
33, 118
34, 118
35, 118
36, 118
37, 118
38, 118
39, 118
40, 118
41, 118
42, 118
43, 118
44, 118
45, 118
46, 118
47, 118
48, 118
49, 118
50, 118
51, 118
52, 118
53, 118
54, 118
55, 118
56, 118
57, 118
58, 118
59, 118
60, 118
61, 118
62, 118
63, 118
64, 118
65, 118
66, 118
67, 118
68, 118
69, 84
69, 85
69, 83
69, 86
69, 82
69, 87
69, 81
69, 88
69, 80
69, 89
69, 79
69, 90
69, 78
69, 91
69, 77
69, 92
69, 76
69, 93
69, 75
69, 94
69, 74
69, 95
69, 73
69, 96
69, 72
69, 97
69, 71
69, 98
69, 70
69, 99
69, 69
69, 100
69, 68
69, 101
69, 67
69, 102
69, 66
69, 103
69, 65
69, 104
69, 64
69, 105
69, 63
69, 106
69, 107
69, 108
69, 109
69, 110
69, 111
69, 112
69, 113
69, 114
69, 115
69, 116
69, 117
69, 118
118, 10
118, 11
118, 9
118, 12
118, 8
118, 13
118, 7
118, 14
118, 6
118, 15
118, 5
118, 16
118, 4
118, 17
118, 3
118, 18
118, 2
118, 19
118, 1
118, 20
118, 0
118, 21
118, 22
118, 23
118, 24
118, 25
118, 26
118, 27
118, 28
118, 29
118, 30
118, 31
118, 32
118, 33
118, 34
118, 35
118, 36
118, 37
118, 38
118, 39
118, 40
118, 41
118, 42
118, 43
118, 44
107, 45
108, 45
106, 45
109, 45
105, 45
110, 45
104, 45
111, 45
103, 45
112, 45
102, 45
113, 45
101, 43
101, 44
101, 45
114, 45
115, 45
116, 45
117, 45
118, 45
10, 119
11, 119
9, 119
12, 119
8, 119
13, 119
7, 119
14, 119
6, 119
15, 119
5, 119
16, 119
4, 119
17, 119
3, 119
18, 119
2, 119
19, 119
1, 119
20, 119
0, 119
21, 119
22, 119
23, 119
24, 119
25, 119
26, 119
27, 119
28, 119
29, 119
30, 119
31, 119
32, 119
33, 119
34, 119
35, 119
36, 119
37, 119
38, 119
39, 119
40, 119
41, 119
42, 119
43, 119
44, 119
45, 119
46, 119
47, 119
48, 119
49, 119
50, 119
51, 119
52, 119
53, 119
54, 119
55, 119
56, 119
57, 119
58, 119
59, 119
60, 119
61, 119
62, 119
63, 119
64, 119
65, 119
66, 119
67, 119
68, 119
69, 119
70, 84
70, 85
70, 83
70, 86
70, 82
70, 87
70, 81
70, 88
70, 80
70, 89
70, 79
70, 90
70, 78
70, 91
70, 77
70, 92
70, 76
70, 93
70, 75
70, 94
70, 74
70, 95
70, 73
70, 96
70, 72
70, 97
70, 71
70, 98
70, 70
70, 99
70, 69
70, 100
70, 68
70, 101
70, 67
70, 102
70, 66
70, 103
70, 65
70, 104
70, 64
70, 105
70, 63
70, 106
70, 62
70, 107
70, 108
70, 109
70, 110
70, 111
70, 112
70, 113
70, 114
70, 115
70, 116
70, 117
70, 118
119, 10
119, 11
119, 9
119, 12
119, 8
119, 13
119, 7
119, 14
119, 6
119, 15
119, 5
119, 16
119, 4
119, 17
119, 3
119, 18
119, 2
119, 19
119, 1
119, 20
119, 0
119, 21
119, 22
119, 23
119, 24
119, 25
119, 26
119, 27
119, 28
119, 29
119, 30
119, 31
119, 32
119, 33
119, 34
119, 35
119, 36
119, 37
119, 38
119, 39
119, 40
119, 41
119, 42
119, 43
119, 44
119, 45
107, 46
108, 46
106, 46
109, 46
105, 46
110, 46
104, 46
111, 46
103, 46
112, 46
102, 46
113, 46
101, 46
114, 46
100, 44
100, 45
100, 46
115, 46
116, 46
117, 46
118, 46
119, 46
10, 120
11, 120
9, 120
12, 120
8, 120
13, 120
7, 120
14, 120
6, 120
15, 120
5, 120
16, 120
4, 120
17, 120
3, 120
18, 120
2, 120
19, 120
1, 120
20, 120
0, 120
21, 120
22, 120
23, 120
24, 120
25, 120
26, 120
27, 120
28, 120
29, 120
30, 120
31, 120
32, 120
33, 120
34, 120
35, 120
36, 120
37, 120
38, 120
39, 120
40, 120
41, 120
42, 120
43, 120
44, 120
45, 120
46, 120
47, 120
48, 120
49, 120
50, 120
51, 120
52, 120
53, 120
54, 120
55, 120
56, 120
57, 120
58, 120
59, 120
60, 120
61, 120
62, 120
63, 120
64, 120
65, 120
66, 120
67, 120
68, 120
69, 120
71, 84
71, 85
71, 83
71, 86
71, 82
71, 87
71, 81
71, 88
71, 80
71, 89
71, 79
71, 90
71, 78
71, 91
71, 77
71, 92
71, 76
71, 93
71, 75
71, 94
71, 74
71, 95
71, 73
71, 96
71, 72
71, 97
71, 71
71, 98
71, 70
71, 99
71, 69
71, 100
71, 68
71, 101
71, 67
71, 102
71, 66
71, 103
71, 65
71, 104
71, 64
71, 105
71, 63
71, 106
71, 62
71, 107
71, 61
71, 108
71, 109
71, 110
71, 111
71, 112
71, 113
71, 114
71, 115
71, 116
71, 117
120, 10
120, 11
120, 9
120, 12
120, 8
120, 13
120, 7
120, 14
120, 6
120, 15
120, 5
120, 16
120, 4
120, 17
120, 3
120, 18
120, 2
120, 19
120, 1
120, 20
120, 0
120, 21
120, 22
120, 23
120, 24
120, 25
120, 26
120, 27
120, 28
120, 29
120, 30
120, 31
120, 32
120, 33
120, 34
120, 35
120, 36
120, 37
120, 38
120, 39
120, 40
120, 41
120, 42
120, 43
120, 44
120, 45
120, 46
107, 47
108, 47
106, 47
109, 47
105, 47
110, 47
104, 47
111, 47
103, 47
112, 47
102, 47
113, 47
101, 47
114, 47
100, 47
115, 47
99, 44
99, 45
99, 46
99, 47
116, 47
117, 47
118, 47
119, 47
120, 47
10, 121
11, 121
9, 121
12, 121
8, 121
13, 121
7, 121
14, 121
6, 121
15, 121
5, 121
16, 121
4, 121
17, 121
3, 121
18, 121
2, 121
19, 121
1, 121
20, 121
0, 121
21, 121
22, 121
23, 121
24, 121
25, 121
26, 121
27, 121
28, 121
29, 121
30, 121
31, 121
32, 121
33, 121
34, 121
35, 121
36, 121
37, 121
38, 121
39, 121
40, 121
41, 121
42, 121
43, 121
44, 121
45, 121
46, 121
47, 121
48, 121
49, 121
50, 121
51, 121
52, 121
53, 121
54, 121
55, 121
56, 121
57, 121
58, 121
59, 121
60, 121
61, 121
62, 121
63, 121
64, 121
65, 121
66, 121
67, 121
68, 121
72, 84
72, 85
72, 83
72, 86
72, 82
72, 87
72, 81
72, 88
72, 80
72, 89
72, 79
72, 90
72, 78
72, 91
72, 77
72, 92
72, 76
72, 93
72, 75
72, 94
72, 74
72, 95
72, 73
72, 96
72, 72
72, 97
72, 71
72, 98
72, 70
72, 99
72, 69
72, 100
72, 68
72, 101
72, 67
72, 102
72, 66
72, 103
72, 65
72, 104
72, 64
72, 105
72, 63
72, 106
72, 62
72, 107
72, 61
72, 108
72, 109
72, 110
72, 111
72, 112
72, 113
72, 114
72, 115
72, 116
121, 10
121, 11
121, 9
121, 12
121, 8
121, 13
121, 7
121, 14
121, 6
121, 15
121, 5
121, 16
121, 4
121, 17
121, 3
121, 18
121, 2
121, 19
121, 1
121, 20
121, 0
121, 21
121, 22
121, 23
121, 24
121, 25
121, 26
